tests/2D_interpolations/2009-01-19T12.00_HNW_ref.asc
ncols               386
nrows               229
xllcorner    479497.492
yllcorner     73502.967
cellsize       1000.000
NODATA_value -999
[rows 33 to 65 of 229, columns 73 to 145 of 386]
-999.000 -999.000 -999.000 -999.000 -999.000 -999.000 -999.000 -999.000 -999.000 -999.000 -999.000 -999.000 -999.000 -999.000 -999.000 -999.000 -999.000 -999.000 -999.000 -999.000 -999.000 -999.000 -999.000 -999.000 -999.000 -999.000 -999.000 -999.000 -999.000 -999.000 -999.000 -999.000 -999.000 -999.000 -999.000 -999.000 -999.000 -999.000 -999.000 -999.000 -999.000 -999.000 -999.000 -999.000 -999.000 -999.000 -999.000 -999.000 -999.000 -999.000 -999.000 -999.000 -999.000 -999.000 -999.000 -999.000 -999.000 0.021 0.020 0.020 0.020 0.021 0.021 0.026 0.030 0.038 -999.000 -999.000 -999.000 -999.000 -999.000 -999.000 -999.000
-999.000 -999.000 -999.000 -999.000 -999.000 -999.000 -999.000 -999.000 -999.000 -999.000 -999.000 -999.000 -999.000 -999.000 -999.000 -999.000 -999.000 -999.000 -999.000 -999.000 -999.000 -999.000 -999.000 -999.000 -999.000 -999.000 -999.000 -999.000 -999.000 -999.000 -999.000 -999.000 -999.000 -999.000 -999.000 -999.000 -999.000 -999.000 -999.000 -999.000 -999.000 -999.000 -999.000 -999.000 -999.000 -999.000 -999.000 -999.000 -999.000 -999.000 -999.000 -999.000 -999.000 -999.000 -999.000 -999.000 0.022 0.022 0.020 0.020 0.020 0.021 0.021 0.033 -999.000 -999.000 -999.000 -999.000 -999.000 -999.000 -999.000 -999.000 -999.000
-999.000 -999.000 -999.000 -999.000 -999.000 -999.000 -999.000 -999.000 -999.000 -999.000 -999.000 -999.000 -999.000 -999.000 -999.000 -999.000 -999.000 -999.000 -999.000 -999.000 -999.000 -999.000 -999.000 -999.000 -999.000 -999.000 -999.000 -999.000 -999.000 -999.000 -999.000 -999.000 -999.000 -999.000 -999.000 -999.000 -999.000 -999.000 -999.000 -999.000 -999.000 -999.000 -999.000 -999.000 -999.000 -999.000 -999.000 -999.000 -999.000 -999.000 -999.000 -999.000 -999.000 -999.000 -999.000 0.022 0.022 0.022 0.022 0.021 0.021 0.020 0.021 0.021 -999.000 -999.000 -999.000 -999.000 -999.000 -999.000 -999.000 -999.000 -999.000
-999.000 -999.000 -999.000 -999.000 -999.000 -999.000 -999.000 -999.000 -999.000 -999.000 -999.000 -999.000 -999.000 -999.000 -999.000 -999.000 -999.000 -999.000 -999.000 -999.000 -999.000 -999.000 -999.000 -999.000 -999.000 -999.000 -999.000 -999.000 -999.000 -999.000 -999.000 -999.000 -999.000 -999.000 -999.000 -999.000 -999.000 -999.000 -999.000 -999.000 -999.000 -999.000 -999.000 -999.000 -999.000 -999.000 -999.000 -999.000 -999.000 -999.000 -999.000 -999.000 -999.000 0.027 0.026 0.023 0.023 0.022 0.022 0.022 0.022 0.020 0.022 0.022 0.021 -999.000 -999.000 -999.000 0.021 0.022 0.021 0.022 0.022
-999.000 -999.000 -999.000 -999.000 -999.000 -999.000 -999.000 -999.000 -999.000 -999.000 -999.000 -999.000 -999.000 -999.000 -999.000 -999.000 -999.000 -999.000 -999.000 -999.000 -999.000 -999.000 -999.000 -999.000 -999.000 -999.000 -999.000 -999.000 -999.000 -999.000 -999.000 -999.000 -999.000 -999.000 -999.000 -999.000 -999.000 -999.000 -999.000 -999.000 -999.000 -999.000 -999.000 -999.000 -999.000 -999.000 -999.000 -999.000 -999.000 -999.000 -999.000 -999.000 0.030 0.029 0.026 0.027 0.027 0.023 0.027 0.026 0.023 0.021 0.022 0.022 0.021 0.021 0.021 0.021 0.021 0.023 0.024 0.027 0.030
-999.000 -999.000 -999.000 -999.000 -999.000 -999.000 -999.000 -999.000 -999.000 -999.000 -999.000 -999.000 -999.000 -999.000 -999.000 -999.000 -999.000 -999.000 -999.000 -999.000 -999.000 -999.000 -999.000 -999.000 -999.000 -999.000 -999.000 -999.000 -999.000 -999.000 -999.000 -999.000 -999.000 -999.000 -999.000 -999.000 -999.000 -999.000 -999.000 -999.000 -999.000 -999.000 -999.000 -999.000 -999.000 -999.000 -999.000 -999.000 -999.000 -999.000 -999.000 -999.000 -999.000 -999.000 0.030 0.028 0.028 0.023 0.028 0.026 0.023 0.024 0.023 0.023 0.023 0.023 0.022 0.022 0.021 0.026 0.025 0.027 0.032
-999.000 -999.000 -999.000 -999.000 -999.000 -999.000 -999.000 -999.000 -999.000 -999.000 -999.000 -999.000 -999.000 -999.000 -999.000 -999.000 -999.000 -999.000 -999.000 -999.000 -999.000 -999.000 -999.000 -999.000 -999.000 -999.000 -999.000 -999.000 -999.000 -999.000 -999.000 -999.000 -999.000 -999.000 -999.000 -999.000 -999.000 -999.000 -999.000 -999.000 -999.000 -999.000 -999.000 -999.000 -999.000 -999.000 -999.000 -999.000 -999.000 -999.000 -999.000 -999.000 -999.000 0.030 0.032 0.029 0.025 0.026 0.028 0.026 0.023 0.028 0.029 0.030 0.028 0.026 0.023 0.027 0.023 0.029 0.030 0.026 0.033
-999.000 -999.000 -999.000 -999.000 -999.000 -999.000 -999.000 -999.000 -999.000 -999.000 -999.000 -999.000 -999.000 -999.000 -999.000 -999.000 -999.000 -999.000 -999.000 -999.000 -999.000 -999.000 -999.000 -999.000 -999.000 -999.000 -999.000 -999.000 -999.000 -999.000 -999.000 -999.000 -999.000 -999.000 -999.000 -999.000 -999.000 -999.000 -999.000 -999.000 -999.000 -999.000 -999.000 -999.000 -999.000 -999.000 -999.000 -999.000 -999.000 -999.000 -999.000 -999.000 -999.000 0.026 0.027 0.025 0.024 0.030 0.029 0.023 0.022 0.030 0.037 0.031 0.033 0.038 0.027 0.036 0.025 0.029 0.035 0.032 0.033
-999.000 -999.000 -999.000 -999.000 -999.000 -999.000 -999.000 -999.000 -999.000 -999.000 -999.000 -999.000 -999.000 -999.000 0.030 0.029 0.037 0.039 0.035 -999.000 -999.000 -999.000 -999.000 0.038 0.037 0.038 -999.000 -999.000 -999.000 -999.000 -999.000 -999.000 -999.000 -999.000 -999.000 -999.000 -999.000 -999.000 -999.000 -999.000 -999.000 -999.000 -999.000 -999.000 -999.000 -999.000 -999.000 -999.000 -999.000 -999.000 -999.000 -999.000 -999.000 0.028 0.026 0.025 0.024 0.028 0.028 0.024 0.023 0.028 0.047 0.042 0.050 0.047 0.042 0.031 0.025 0.028 0.037 0.043 0.034
-999.000 -999.000 -999.000 -999.000 -999.000 -999.000 -999.000 -999.000 -999.000 -999.000 -999.000 -999.000 -999.000 0.032 0.032 0.030 0.038 0.034 0.035 0.033 0.034 0.035 0.035 0.035 0.035 0.036 0.038 0.037 -999.000 -999.000 -999.000 -999.000 -999.000 -999.000 -999.000 -999.000 -999.000 -999.000 -999.000 -999.000 -999.000 -999.000 -999.000 -999.000 -999.000 -999.000 -999.000 0.031 0.030 -999.000 -999.000 -999.000 0.029 0.028 0.027 0.026 0.028 0.026 0.024 0.024 0.024 0.028 0.032 0.046 0.049 0.038 0.040 0.030 0.027 0.024 0.038 0.049 0.038
-999.000 -999.000 -999.000 -999.000 -999.000 -999.000 -999.000 -999.000 -999.000 -999.000 -999.000 -999.000 -999.000 0.038 0.037 0.037 0.030 0.036 0.035 0.034 0.034 0.034 0.034 0.035 0.036 0.035 0.037 0.038 0.037 -999.000 -999.000 -999.000 -999.000 -999.000 -999.000 -999.000 -999.000 -999.000 -999.000 -999.000 -999.000 -999.000 -999.000 -999.000 -999.000 -999.000 -999.000 0.030 0.030 0.035 0.042 0.041 0.036 0.037 0.028 0.026 0.028 0.028 0.025 0.024 0.023 0.033 0.045 0.056 0.057 0.044 0.044 0.037 0.034 0.027 0.025 0.031 0.037
-999.000 -999.000 -999.000 -999.000 -999.000 -999.000 -999.000 -999.000 -999.000 -999.000 -999.000 -999.000 -999.000 -999.000 0.042 0.040 0.038 0.031 0.033 0.037 0.036 0.037 0.034 0.038 0.037 0.036 0.035 0.036 -999.000 -999.000 -999.000 -999.000 -999.000 -999.000 -999.000 -999.000 -999.000 -999.000 -999.000 -999.000 -999.000 -999.000 -999.000 -999.000 -999.000 -999.000 -999.000 -999.000 -999.000 0.041 0.043 0.041 0.039 0.038 0.038 0.036 0.031 0.027 0.025 0.025 0.026 0.034 0.044 0.049 0.055 0.056 0.041 0.036 0.028 0.037 0.027 0.027 0.027
-999.000 -999.000 -999.000 -999.000 -999.000 -999.000 -999.000 -999.000 -999.000 -999.000 -999.000 -999.000 -999.000 -999.000 0.041 0.041 0.039 0.040 0.034 0.041 0.038 0.038 0.034 0.038 0.038 0.036 0.036 0.036 -999.000 -999.000 -999.000 -999.000 -999.000 -999.000 -999.000 -999.000 -999.000 -999.000 -999.000 -999.000 -999.000 -999.000 -999.000 -999.000 -999.000 -999.000 -999.000 -999.000 0.039 0.043 0.048 0.052 0.055 0.060 0.056 0.054 0.045 0.032 0.027 0.027 0.033 0.036 0.053 0.053 0.057 0.055 0.037 0.030 0.039 0.031 0.035 0.033 0.032
-999.000 -999.000 -999.000 -999.000 -999.000 -999.000 -999.000 -999.000 -999.000 -999.000 -999.000 -999.000 -999.000 -999.000 -999.000 0.043 0.045 0.040 0.032 0.037 0.041 0.038 0.038 0.040 0.037 0.035 0.035 0.037 -999.000 -999.000 -999.000 -999.000 -999.000 -999.000 -999.000 -999.000 -999.000 -999.000 -999.000 -999.000 -999.000 -999.000 -999.000 -999.000 -999.000 -999.000 -999.000 0.042 0.054 0.061 0.064 0.055 0.056 0.047 0.043 0.036 0.047 0.052 0.041 0.032 0.031 0.050 0.050 0.055 0.045 0.042 0.033 0.038 0.037 0.030 0.030 0.038 0.043
-999.000 -999.000 -999.000 -999.000 -999.000 -999.000 -999.000 -999.000 -999.000 -999.000 -999.000 -999.000 0.049 0.045 0.045 0.046 0.040 0.041 0.035 0.041 0.044 0.036 0.040 0.039 0.042 0.043 0.040 0.041 -999.000 -999.000 -999.000 -999.000 -999.000 -999.000 -999.000 -999.000 -999.000 -999.000 -999.000 -999.000 -999.000 -999.000 -999.000 -999.000 -999.000 -999.000 0.059 0.063 0.052 0.057 0.048 0.045 0.045 0.041 0.038 0.032 0.033 0.039 0.034 0.027 0.038 0.050 0.050 0.054 0.042 0.037 0.036 0.040 0.041 0.033 0.038 0.030 0.038
-999.000 -999.000 -999.000 -999.000 -999.000 -999.000 -999.000 -999.000 -999.000 -999.000 -999.000 0.046 0.048 0.044 0.045 0.048 0.046 0.045 0.033 0.036 0.037 0.038 0.040 0.040 0.039 0.037 0.040 0.041 0.044 0.052 0.055 0.054 -999.000 -999.000 -999.000 -999.000 0.050 0.049 0.046 0.042 0.041 -999.000 -999.000 -999.000 0.056 0.051 0.054 0.048 0.043 0.042 0.039 0.042 0.035 0.029 0.027 0.027 0.034 0.032 0.028 0.036 0.033 0.047 0.050 0.048 0.047 0.038 0.041 0.038 0.035 0.036 0.041 0.035 0.032
-999.000 -999.000 -999.000 -999.000 -999.000 -999.000 -999.000 -999.000 -999.000 -999.000 0.046 0.045 0.047 0.044 0.047 0.049 0.045 0.043 0.041 0.042 0.033 0.040 0.039 0.037 0.036 0.036 0.037 0.038 0.039 0.041 0.045 0.052 0.054 -999.000 -999.000 0.048 0.052 0.057 0.048 0.044 0.046 0.049 0.049 0.042 0.041 0.035 0.043 0.036 0.032 0.037 0.037 0.033 0.030 0.030 0.032 0.033 0.034 0.038 0.049 0.057 0.054 0.047 0.043 0.048 0.048 0.055 0.048 0.037 0.037 0.040 0.043 0.041 0.037
-999.000 -999.000 -999.000 -999.000 -999.000 -999.000 -999.000 -999.000 -999.000 -999.000 0.045 0.045 0.046 0.046 0.048 0.044 0.041 0.038 0.039 0.037 0.034 0.034 0.035 0.036 0.037 0.039 0.039 0.039 0.040 0.042 0.045 0.053 0.055 0.059 0.060 0.060 0.061 0.055 0.056 0.057 0.055 0.062 0.057 0.052 0.043 0.044 0.045 0.047 0.041 0.042 0.036 0.032 0.029 0.030 0.033 0.030 0.035 0.035 0.048 0.051 0.055 0.060 0.049 0.062 0.046 0.053 0.038 0.040 0.051 0.044 0.048 0.044 0.038
-999.000 -999.000 -999.000 -999.000 -999.000 -999.000 -999.000 -999.000 -999.000 -999.000 0.046 0.045 0.044 0.045 0.043 0.041 0.040 0.038 0.035 0.035 0.037 0.036 0.039 0.039 0.039 0.039 0.040 0.041 0.041 0.044 0.052 0.057 0.054 0.062 0.063 0.063 0.065 0.057 0.055 0.056 0.055 0.048 0.043 0.044 0.052 0.052 0.051 0.047 0.042 0.049 0.044 0.029 0.031 0.032 0.033 0.031 0.038 0.041 0.040 0.048 0.055 0.062 0.059 0.054 0.057 0.051 0.041 0.051 0.048 0.046 0.046 0.039 0.043
-999.000 -999.000 -999.000 -999.000 -999.000 -999.000 -999.000 -999.000 0.046 0.044 0.045 0.045 0.044 0.042 0.039 0.037 0.040 0.037 0.038 0.039 0.038 0.040 0.040 0.039 0.041 0.042 0.048 0.047 0.055 0.055 0.051 0.065 0.058 0.058 0.060 0.061 0.067 0.062 0.054 0.050 0.049 0.045 0.035 0.048 0.045 0.052 0.038 0.033 0.033 0.034 0.029 0.044 0.036 0.033 0.033 0.032 0.035 0.042 0.048 0.051 0.049 0.061 0.058 0.053 0.064 0.047 0.040 0.047 0.054 0.061 0.048 0.045 0.053
-999.000 -999.000 -999.000 -999.000 -999.000 -999.000 -999.000 0.040 0.046 0.044 0.041 0.041 0.040 0.040 0.040 0.041 0.046 0.041 0.040 0.039 0.042 0.043 0.041 0.043 0.043 0.052 0.063 0.050 0.063 0.065 0.057 0.072 0.062 0.067 0.066 0.064 0.063 0.054 0.058 0.053 0.054 0.050 0.036 0.032 0.039 0.037 0.036 0.044 0.052 0.050 0.033 0.049 0.046 0.040 0.036 0.036 0.041 0.046 0.055 0.046 0.050 0.053 0.056 0.055 0.056 0.052 0.043 0.051 0.052 0.055 0.050 0.043 0.052
-999.000 -999.000 -999.000 -999.000 -999.000 -999.000 -999.000 0.052 0.050 0.050 0.045 0.048 0.044 0.047 0.046 0.049 0.045 0.050 0.046 0.051 0.048 0.045 0.051 0.056 0.062 0.054 0.060 0.066 0.061 0.055 0.069 0.066 0.067 0.069 0.068 0.066 0.066 0.072 0.068 0.062 0.049 0.034 0.045 0.053 0.045 0.053 0.047 0.061 0.059 0.044 0.041 0.042 0.043 0.057 0.044 0.041 0.044 0.054 0.053 0.059 0.057 0.069 0.072 0.078 0.067 0.055 0.066 0.060 0.064 0.061 0.049 0.052 0.065
-999.000 -999.000 -999.000 -999.000 -999.000 -999.000 0.048 0.046 0.046 0.046 0.053 0.058 0.057 0.057 0.064 -999.000 0.057 0.069 0.064 0.067 0.062 0.064 0.066 0.063 0.062 0.057 0.048 0.052 0.049 0.056 0.068 0.052 0.048 0.060 0.065 0.055 0.054 0.048 0.042 0.041 0.039 0.036 0.037 0.040 0.045 0.052 0.063 0.060 0.074 0.053 0.059 0.060 0.066 0.067 0.045 0.038 0.061 0.066 0.059 0.060 0.074 0.060 0.073 0.065 0.079 0.085 0.086 0.080 0.084 0.069 0.053 0.067 0.074
-999.000 -999.000 -999.000 -999.000 -999.000 -999.000 0.054 0.051 0.049 0.060 0.061 0.072 0.070 -999.000 -999.000 -999.000 -999.000 -999.000 0.048 0.061 0.053 0.058 0.048 0.042 0.047 0.043 0.039 0.047 0.060 0.071 0.063 0.047 0.044 0.046 0.044 0.044 0.044 0.037 0.036 0.036 0.033 0.033 0.033 0.034 0.036 0.039 0.049 0.049 0.054 0.046 0.045 0.046 0.047 0.055 0.055 0.043 0.048 0.044 0.055 0.058 0.068 0.052 0.063 0.068 0.091 0.088 0.073 0.062 0.067 0.079 0.071 0.053 0.066
-999.000 -999.000 -999.000 -999.000 -999.000 -999.000 -999.000 -999.000 -999.000 -999.000 -999.000 -999.000 -999.000 -999.000 -999.000 -999.000 -999.000 -999.000 0.037 0.047 0.044 0.034 0.040 0.054 0.046 0.047 0.053 0.037 0.054 0.067 0.047 0.045 0.043 0.042 0.045 0.043 0.038 0.039 0.035 0.034 0.033 0.033 0.033 0.034 0.035 0.038 0.038 0.044 0.046 0.044 0.045 0.045 0.047 0.052 0.063 0.075 0.051 0.057 0.060 0.055 0.049 0.060 0.076 0.071 0.065 0.064 0.060 0.056 0.066 0.075 0.080 0.069 0.064
-999.000 -999.000 -999.000 -999.000 -999.000 -999.000 -999.000 -999.000 -999.000 -999.000 -999.000 -999.000 -999.000 -999.000 -999.000 -999.000 -999.000 -999.000 -999.000 0.034 0.039 0.042 0.068 0.066 0.059 0.050 0.038 0.047 0.061 0.048 0.040 0.042 0.045 0.040 0.040 0.041 0.046 0.042 0.034 0.034 0.037 0.035 0.034 0.034 0.035 0.036 0.038 0.038 0.041 0.040 0.042 0.043 0.047 0.062 0.079 0.076 0.072 0.075 0.078 0.066 0.073 0.060 0.061 0.052 0.050 0.049 0.049 0.046 0.051 0.065 0.073 0.071 0.055
-999.000 -999.000 -999.000 -999.000 -999.000 -999.000 -999.000 -999.000 -999.000 -999.000 -999.000 -999.000 -999.000 -999.000 -999.000 -999.000 -999.000 -999.000 -999.000 0.062 0.062 0.072 0.070 0.055 0.043 0.051 0.048 0.070 0.057 0.041 0.040 0.039 0.038 0.038 0.037 0.037 0.038 0.035 0.036 0.037 0.041 0.041 0.035 0.040 0.041 0.048 0.043 0.040 0.052 0.054 0.052 0.054 0.048 0.060 0.064 0.071 0.069 0.081 0.084 0.068 0.071 0.077 0.079 0.071 0.067 0.061 0.065 0.048 0.062 0.068 0.066 0.061 0.055
-999.000 -999.000 -999.000 -999.000 -999.000 -999.000 -999.000 -999.000 -999.000 -999.000 -999.000 -999.000 -999.000 -999.000 -999.000 -999.000 -999.000 0.070 0.070 0.066 0.066 0.064 0.058 0.043 0.039 0.057 0.070 0.054 0.048 0.046 0.042 0.040 0.042 0.043 0.039 0.043 0.041 0.042 0.039 0.044 0.041 0.042 0.042 0.054 0.056 0.060 0.057 0.062 0.050 0.046 0.046 0.057 0.061 0.076 0.071 0.078 0.067 0.087 0.081 0.082 0.089 0.084 0.075 0.068 0.073 0.060 0.063 0.049 0.056 0.057 0.055 0.064 0.067
-999.000 -999.000 -999.000 -999.000 -999.000 -999.000 -999.000 -999.000 -999.000 -999.000 -999.000 -999.000 -999.000 -999.000 -999.000 -999.000 0.051 0.056 0.063 0.050 0.049 0.037 0.041 0.059 0.070 0.075 0.061 0.052 0.062 0.067 0.049 0.062 0.057 0.063 0.056 0.057 0.056 0.055 0.050 0.057 0.061 0.066 0.052 0.048 0.058 0.053 0.058 0.055 0.054 0.054 0.052 0.065 0.069 0.085 0.092 0.088 0.092 0.094 0.088 0.075 0.062 0.058 0.051 0.044 0.053 0.051 0.044 0.040 0.042 0.054 0.074 0.051 0.049
-999.000 -999.000 -999.000 -999.000 -999.000 -999.000 -999.000 -999.000 -999.000 -999.000 -999.000 -999.000 -999.000 -999.000 -999.000 0.065 0.044 0.040 0.044 0.041 0.063 0.063 0.066 0.076 0.074 0.060 0.062 0.072 0.076 0.074 0.055 0.064 0.080 0.060 0.066 0.073 0.081 0.075 0.076 0.080 0.071 0.075 0.068 0.051 0.049 0.080 0.086 0.087 0.080 0.076 0.070 0.051 0.072 0.085 0.069 0.071 0.086 0.082 0.064 0.054 0.048 0.043 0.041 0.039 0.039 0.039 0.039 0.045 0.058 0.071 0.064 0.047 0.036
-999.000 -999.000 -999.000 -999.000 -999.000 -999.000 -999.000 -999.000 -999.000 -999.000 -999.000 -999.000 -999.000 -999.000 0.038 0.049 0.044 0.050 0.053 0.066 0.079 0.079 0.080 0.073 0.057 0.071 0.070 0.064 0.051 0.048 0.044 0.043 0.044 0.046 0.049 0.050 0.052 0.056 0.060 0.068 0.083 0.072 0.051 0.040 0.074 0.088 0.102 0.099 0.089 0.090 0.089 0.073 0.061 0.071 0.079 0.082 0.090 0.077 0.063 0.048 0.042 0.040 0.040 0.041 0.046 0.050 0.049 0.041 0.062 0.058 0.044 0.035 0.035
-999.000 -999.000 -999.000 -999.000 -999.000 -999.000 -999.000 -999.000 -999.000 -999.000 -999.000 0.039 0.040 0.048 0.054 0.065 0.075 0.076 0.076 0.076 0.073 0.077 0.073 0.069 0.077 0.073 0.077 0.077 0.079 0.072 0.064 0.055 0.073 0.067 0.063 0.075 0.073 0.073 0.088 0.087 0.088 0.084 0.060 0.061 0.080 0.082 0.070 0.063 0.065 0.064 0.061 0.076 0.083 0.089 0.090 0.080 0.083 0.064 0.042 0.042 0.048 0.051 0.053 0.060 0.073 0.080 0.064 0.040 0.039 0.037 0.036 0.035 0.035
-999.000 -999.000 -999.000 -999.000 -999.000 -999.000 -999.000 -999.000 -999.000 -999.000 0.050 0.049 0.065 0.063 0.075 0.075 0.076 0.077 0.078 0.075 0.073 0.067 0.070 0.081 0.075 0.079 0.080 0.081 0.080 0.073 0.071 0.059 0.078 0.083 0.081 0.090 0.089 0.077 0.084 0.073 0.070 0.055 0.055 0.047 0.049 0.048 0.047 0.049 0.051 0.057 0.075 0.095 0.069 0.059 0.059 0.060 0.047 0.054 0.066 0.072 0.079 0.083 0.086 0.093 0.075 0.072 0.055 0.037 0.036 0.036 0.036 0.036 0.039
