tests/2D_interpolations/2009-01-19T12.00_VW_ref.asc
ncols               386
nrows               229
xllcorner    479497.492
yllcorner     73502.967
cellsize       1000.000
NODATA_value -999
[rows 128 to 159 of 229, columns 142 to 212 of 386]
11.623 10.876 7.981 8.771 6.646 5.862 6.190 8.563 8.833 11.304 9.476 9.730 7.760 9.795 11.411 13.187 14.282 14.713 14.098 13.619 11.790 9.393 8.131 9.059 6.014 5.579 5.626 1.991 5.619 6.088 4.748 5.784 5.294 7.450 10.601 12.895 14.678 9.743 11.023 10.253 9.646 8.552 11.643 10.664 9.208 9.218 9.475 3.463 0.159 1.492 1.582 1.056 0.712 3.060 1.636 1.260 5.155 0.983 3.640 3.843 2.771 0.291 3.670 3.138 4.265 6.434 9.296 10.313 9.269 5.239 2.888
12.669 13.157 10.614 7.391 5.630 6.768 8.209 9.182 10.763 12.374 9.571 8.110 11.199 13.136 13.740 14.492 14.355 14.030 13.531 11.214 7.639 6.457 6.259 7.526 4.255 1.681 3.572 2.601 3.008 1.245 3.868 4.433 4.206 6.468 8.555 9.452 10.313 13.112 14.749 12.833 10.961 9.120 6.572 5.279 4.246 3.549 7.094 5.622 2.667 0.453 0.467 1.387 0.183 2.198 0.856 2.877 4.336 0.299 1.229 5.427 1.450 0.532 0.521 1.071 0.022 3.514 8.072 9.665 8.045 3.015 1.725
12.157 13.285 11.467 8.625 8.280 9.955 10.608 10.552 12.989 12.364 10.402 11.823 13.769 14.378 14.669 14.482 13.956 12.305 10.308 8.036 2.896 4.442 5.538 5.525 3.642 0.075 0.694 3.282 0.935 0.766 1.133 1.469 4.021 6.254 8.106 7.309 7.519 7.219 13.898 12.634 9.628 4.078 2.530 1.023 0.735 0.298 3.064 6.245 5.152 3.310 1.371 1.967 5.200 4.309 4.152 5.986 5.594 0.532 1.409 0.520 3.955 4.653 2.187 0.707 3.177 6.049 8.825 8.223 4.565 0.509 0.331
11.450 12.779 12.493 11.889 11.787 12.893 12.351 11.461 13.538 13.019 12.022 14.267 14.701 15.065 14.808 14.038 11.665 8.650 6.002 5.392 2.229 3.731 4.733 4.964 3.047 0.378 0.791 1.423 0.242 2.863 3.348 3.678 5.630 8.574 6.240 4.258 5.185 11.977 13.561 13.407 10.169 6.455 2.129 2.471 1.229 2.584 0.786 2.059 5.501 4.194 0.073 3.990 2.719 5.388 3.860 3.907 3.954 1.073 1.299 2.674 0.238 3.896 1.523 1.135 1.599 4.425 8.107 8.034 4.140 0.530 0.776
19.959 12.780 12.839 13.402 13.591 13.751 12.750 14.233 14.133 11.644 18.743 18.669 15.062 14.399 13.451 11.227 8.993 4.874 2.846 3.803 1.706 2.214 0.752 1.239 2.555 0.351 0.258 0.249 2.088 2.414 3.676 6.401 8.791 8.441 2.188 1.357 7.204 13.523 8.722 7.908 13.872 8.728 7.334 3.168 3.627 0.617 0.815 0.308 1.461 2.774 0.625 4.213 2.376 0.265 0.556 1.662 2.987 3.604 1.224 1.611 3.590 0.461 1.378 2.626 4.143 5.106 9.782 6.924 2.722 1.323 3.223
19.716 19.907 20.386 19.687 19.571 16.223 10.897 16.834 15.135 17.446 17.038 15.339 14.048 12.530 10.978 8.492 4.959 2.789 2.672 1.444 0.200 0.341 0.372 0.818 0.110 0.227 1.592 0.740 2.694 4.342 6.526 5.633 5.000 4.497 3.751 0.748 7.581 9.665 5.515 4.831 9.395 12.798 8.638 7.041 5.327 2.796 2.122 2.925 0.973 0.289 1.093 3.726 6.507 1.949 2.315 1.748 0.597 3.028 2.476 0.994 2.271 4.267 3.502 6.690 9.121 9.098 7.141 6.518 3.169 0.083 0.624
17.391 18.848 19.149 19.584 16.946 16.438 16.835 14.693 14.490 12.419 16.320 16.225 11.911 8.999 7.631 4.732 4.073 3.723 2.415 1.605 1.780 2.097 0.963 1.060 2.374 1.845 3.061 3.832 3.974 4.633 5.548 3.740 3.230 1.967 0.490 2.650 7.166 8.430 3.114 1.901 4.388 7.043 11.920 8.488 7.673 3.455 1.620 2.317 3.670 3.782 2.401 4.089 4.837 2.274 0.589 3.059 2.770 0.046 0.626 1.535 3.326 4.190 5.934 6.202 6.052 4.965 6.729 4.135 1.294 1.166 2.588
15.492 15.851 16.555 16.768 16.555 14.861 13.093 12.791 9.559 11.811 14.244 16.694 11.383 7.380 4.343 5.593 6.925 6.190 5.331 4.849 4.280 3.600 3.375 3.933 2.894 5.000 5.523 5.140 4.286 3.256 1.744 0.425 2.970 2.133 1.825 2.426 5.139 6.696 1.443 2.978 1.022 4.626 7.643 10.252 9.018 5.755 0.596 2.106 3.647 6.852 3.659 5.165 7.704 9.783 2.961 0.213 1.757 3.735 3.561 3.514 7.354 5.944 3.824 3.062 1.855 3.813 8.883 3.811 2.529 3.710 1.839
14.904 13.386 13.733 13.408 13.524 12.174 10.957 8.220 10.103 12.557 9.718 12.985 10.082 10.728 9.591 10.491 10.545 9.905 9.686 9.669 6.801 6.840 7.001 6.608 5.631 6.959 6.796 6.245 5.509 2.116 5.082 4.727 4.232 5.005 1.026 1.161 3.784 6.561 4.958 1.871 2.041 1.829 2.565 4.553 9.316 5.064 0.326 0.311 2.790 5.664 3.723 4.722 5.104 8.137 4.687 1.129 1.924 4.163 3.245 3.086 1.707 0.760 0.702 0.815 2.027 5.104 8.073 6.387 5.979 2.970 0.574
12.113 14.806 12.206 10.779 10.897 10.538 7.659 9.335 12.127 8.185 6.108 7.851 11.420 15.535 12.242 9.995 12.251 14.095 13.072 8.952 8.118 10.256 9.103 7.805 8.000 8.551 7.192 6.962 2.841 3.924 7.743 7.769 7.974 5.546 4.565 2.344 0.768 1.563 1.399 4.075 0.006 5.575 0.951 3.905 8.782 5.248 1.465 0.876 1.631 5.036 5.486 2.840 4.198 6.341 3.647 0.499 1.899 1.166 0.233 2.050 4.026 1.191 1.020 1.899 3.587 7.595 6.241 5.618 4.950 6.293 1.571
11.715 11.136 13.993 12.439 8.748 7.000 6.895 9.659 9.987 6.177 6.145 5.332 7.046 11.817 12.406 9.609 7.370 7.225 8.199 8.014 8.669 11.858 8.435 9.095 8.813 9.326 9.068 6.699 3.917 0.271 4.190 5.668 7.868 5.016 2.624 3.378 2.277 0.012 3.505 2.275 0.489 2.354 1.260 1.545 6.480 6.019 0.212 1.530 0.721 3.020 3.151 2.803 2.750 4.453 6.607 2.691 3.455 4.078 1.339 2.258 1.253 1.821 3.249 4.542 7.083 5.302 4.990 2.720 2.191 2.986 4.497
10.120 9.730 10.434 10.365 8.319 5.515 8.767 8.137 7.881 3.901 3.898 5.563 8.146 11.108 9.490 7.505 3.279 4.141 5.622 6.827 8.716 10.675 11.835 10.966 12.139 9.102 3.990 0.711 2.263 2.258 2.601 4.278 6.084 4.325 2.544 1.174 1.021 0.503 2.381 0.511 4.219 2.071 1.461 5.055 5.747 5.877 4.614 3.318 0.412 2.076 1.656 1.784 2.299 7.335 3.233 2.028 1.200 0.330 0.702 1.061 2.552 4.122 7.436 6.587 5.051 5.352 2.393 0.265 0.854 0.936 2.989
8.430 7.355 9.167 8.995 7.036 8.461 5.268 7.156 7.065 2.569 3.408 5.928 8.984 10.481 9.309 9.795 6.166 2.359 4.247 6.272 7.932 9.161 8.908 7.909 7.705 8.326 2.254 4.300 3.006 3.301 2.599 3.147 5.283 6.443 3.438 1.261 1.101 2.087 0.811 1.038 2.138 0.630 2.117 2.779 4.466 8.085 4.416 0.617 0.543 4.871 1.078 1.235 3.271 4.649 3.863 1.171 0.152 0.593 1.289 3.869 4.728 4.706 4.732 2.765 3.981 4.130 0.014 0.841 3.917 1.940 0.076
9.641 8.253 6.215 5.024 6.172 6.770 5.763 1.982 3.063 2.780 5.754 6.660 5.781 9.923 14.522 9.729 7.652 1.023 3.182 5.816 6.956 6.676 5.565 4.472 0.698 6.780 5.412 0.408 1.441 6.490 5.722 6.222 2.399 2.347 6.108 2.551 0.810 1.804 0.471 3.244 1.242 0.893 0.006 0.510 0.971 5.118 5.699 1.426 1.572 3.530 0.419 1.191 3.504 1.833 0.644 0.444 1.978 1.247 3.306 6.018 6.413 3.141 1.953 1.038 4.070 3.668 0.308 2.786 3.617 0.209 0.106
10.728 9.302 3.921 3.686 7.106 6.252 3.080 0.260 1.308 1.043 6.382 3.028 5.768 8.063 14.002 9.532 6.937 1.092 3.677 5.894 4.757 3.436 1.669 1.510 1.295 5.124 5.377 4.254 0.592 4.670 12.248 10.674 4.059 0.910 1.515 5.744 3.287 5.414 3.665 4.149 3.478 1.675 1.138 1.726 1.597 3.439 6.374 3.143 0.782 2.540 0.624 0.586 2.301 0.741 0.835 2.152 3.190 5.001 4.246 6.599 3.123 1.080 0.387 0.710 3.305 0.183 1.817 0.107 2.279 0.556 1.213
14.635 10.161 8.062 6.580 4.964 3.908 4.380 0.324 0.840 4.054 2.763 2.669 5.679 7.063 13.506 8.654 5.630 2.944 3.517 3.513 1.918 1.319 10.375 4.718 2.309 1.743 3.802 2.200 0.780 1.001 5.984 10.001 6.933 1.573 0.064 0.646 2.714 2.387 3.163 2.251 1.961 3.113 1.035 0.391 0.524 0.642 3.380 4.094 0.829 0.368 1.369 0.247 0.660 0.422 2.592 1.369 0.851 1.306 2.728 5.355 1.034 0.994 0.600 1.789 3.767 0.149 2.286 1.076 3.364 3.351 0.349
13.408 11.002 8.568 7.437 6.572 5.432 5.106 2.949 2.341 3.255 0.418 1.796 3.719 6.480 14.175 7.745 5.415 4.871 3.802 2.114 2.389 7.634 4.020 1.835 0.850 0.278 0.493 2.575 0.664 0.796 5.378 3.093 6.823 4.618 1.191 0.724 0.882 1.278 0.642 2.317 2.499 2.633 0.448 0.143 1.984 4.510 4.441 3.051 0.124 3.047 3.833 2.601 2.544 0.631 0.258 2.450 1.198 0.436 4.026 3.807 0.854 1.231 0.412 2.194 3.135 0.389 1.075 0.745 0.152 1.790 1.012
10.953 12.099 7.963 7.552 7.401 6.959 4.640 1.009 1.511 0.223 0.532 4.145 5.667 6.868 10.405 7.339 6.910 6.021 3.470 0.480 4.004 9.393 8.404 8.058 4.933 2.654 1.005 5.734 2.622 1.090 4.001 3.328 2.370 6.750 3.015 0.495 1.708 1.614 2.151 1.935 2.423 2.727 4.513 4.697 3.267 0.661 0.600 2.177 4.603 4.040 1.778 0.255 0.184 1.032 1.767 1.010 1.085 2.797 1.694 2.731 0.576 0.482 2.024 0.697 2.792 1.396 0.252 1.031 0.759 0.458 1.728
9.006 12.919 9.324 6.334 4.037 0.708 0.907 0.278 0.960 0.042 4.057 4.731 5.979 9.085 8.881 1.053 1.952 0.101 0.841 2.260 5.541 8.538 7.970 7.551 8.154 10.446 11.492 9.936 8.112 5.401 5.540 7.900 1.584 1.280 0.231 0.279 4.154 1.006 2.362 2.607 3.761 1.383 1.475 0.559 0.970 2.382 0.649 2.027 3.767 4.741 3.411 0.077 3.049 2.008 2.558 0.680 0.203 0.753 1.745 0.276 0.479 0.865 0.036 0.097 2.208 3.565 1.899 0.800 0.850 2.698 4.562
4.808 9.270 10.139 7.650 6.684 2.284 0.165 0.090 3.343 4.361 4.315 4.347 7.542 9.631 9.273 3.764 0.933 6.852 6.266 8.253 6.117 5.646 6.401 7.147 4.828 5.573 7.721 6.002 7.550 8.484 10.120 5.593 2.806 0.830 2.224 6.688 7.309 3.426 1.991 0.751 0.877 1.503 0.907 2.704 0.962 0.174 2.247 4.037 5.456 6.088 2.483 1.027 0.282 1.652 3.423 1.770 2.326 2.902 0.637 0.373 0.039 3.594 0.470 0.769 1.364 5.137 4.861 3.105 4.743 5.893 8.396
6.354 5.743 7.111 7.633 6.649 4.747 2.607 1.404 2.864 6.409 5.840 9.222 7.988 7.681 8.973 4.867 0.902 4.301 12.432 6.211 5.335 4.044 6.359 7.279 4.614 4.358 6.553 8.678 4.558 3.905 8.054 13.054 7.137 6.439 2.904 4.988 2.602 0.898 0.287 0.360 0.955 2.142 1.716 0.667 1.136 2.062 3.577 5.984 5.929 6.005 5.430 3.087 0.693 0.055 0.751 2.272 2.389 3.644 2.998 0.977 0.204 0.019 1.838 2.544 2.706 4.711 7.326 8.908 8.919 9.565 7.887
3.346 4.963 4.716 4.259 6.431 6.670 2.898 1.968 2.736 6.978 4.235 5.403 5.333 7.865 8.289 6.073 0.593 1.884 2.772 8.263 5.422 3.311 2.454 3.572 4.903 4.241 6.036 9.513 7.645 3.460 5.920 5.977 6.083 5.320 3.635 5.184 3.830 3.746 2.999 3.387 2.092 1.704 0.282 1.720 2.195 3.484 6.123 6.604 7.246 5.673 5.710 4.644 3.219 2.406 2.965 0.722 0.069 1.948 3.270 1.391 1.192 3.376 4.063 5.972 7.933 9.029 7.428 7.392 7.321 6.946 9.050
1.982 1.389 0.646 2.028 4.002 5.476 1.447 3.082 0.592 3.881 1.254 0.529 6.468 9.521 6.384 2.108 1.150 1.714 2.025 10.003 8.553 5.896 2.838 1.747 1.964 3.474 6.401 5.156 4.671 3.571 2.614 2.205 4.579 4.011 3.413 4.230 6.002 2.614 0.738 2.440 0.540 1.768 0.243 3.717 5.113 6.281 6.737 7.515 4.413 1.772 3.319 4.340 2.234 3.611 0.011 0.971 1.448 2.858 0.136 2.564 4.451 6.476 8.906 6.261 5.539 5.489 5.054 5.101 5.453 6.399 6.626
4.026 4.827 2.351 0.944 1.919 3.064 3.245 0.402 2.641 3.485 1.034 5.660 6.114 6.372 4.187 0.043 3.846 9.227 9.852 9.662 4.252 6.382 4.248 1.592 1.428 4.091 2.653 3.730 8.991 5.717 3.515 2.269 2.308 1.661 2.484 9.010 3.894 4.358 2.422 2.212 4.021 1.170 4.837 5.958 6.633 7.084 8.171 4.659 2.276 0.871 0.174 0.785 0.730 0.894 2.269 0.846 1.882 0.590 1.453 4.197 8.634 5.504 4.935 5.315 3.891 3.617 2.732 2.681 2.094 4.683 4.643
7.036 4.933 1.498 0.947 3.131 1.753 0.965 0.986 0.107 0.604 1.886 3.415 3.451 2.535 0.067 3.182 9.515 7.066 6.961 5.517 3.290 2.873 1.998 1.716 1.175 1.065 2.952 9.179 9.890 6.615 5.795 5.373 0.843 2.324 6.057 3.383 3.400 0.265 1.510 0.361 4.432 4.513 6.335 6.744 9.107 7.214 6.629 5.863 3.290 0.210 0.838 3.478 0.054 0.527 1.870 2.387 0.648 3.170 4.419 6.037 4.928 3.900 2.382 3.759 0.786 0.480 0.036 1.525 0.552 1.441 1.530
7.086 6.047 1.941 3.394 5.478 4.956 1.237 1.108 0.386 0.439 2.731 1.688 1.280 0.159 2.779 8.100 7.643 6.277 5.395 4.627 3.883 3.494 2.420 2.160 1.410 0.771 0.982 3.717 5.292 8.603 6.825 3.397 0.288 0.960 5.061 1.013 3.218 0.497 0.989 1.323 3.801 6.265 6.917 8.941 6.254 3.826 2.422 2.150 4.143 3.936 0.990 0.823 0.683 0.603 0.438 0.849 2.536 4.184 7.514 5.741 4.145 0.817 0.725 1.522 0.359 1.193 2.871 5.001 5.249 4.110 1.591
1.194 2.334 0.127 3.186 1.622 0.284 0.124 1.045 2.527 4.186 3.423 3.027 5.221 6.326 5.506 3.512 3.876 6.931 5.045 4.857 3.422 3.389 4.521 8.090 2.292 0.461 0.078 0.203 4.577 7.507 5.327 1.934 1.597 0.349 3.477 0.349 0.951 0.104 4.318 4.651 6.646 7.097 8.204 6.361 3.365 2.169 0.189 0.229 1.224 3.554 1.921 0.265 0.683 1.384 1.660 2.115 4.566 5.711 4.095 1.669 1.793 0.526 0.059 1.132 0.456 0.900 1.785 2.512 2.991 6.983 6.894
2.708 2.936 1.926 1.216 1.184 0.664 1.154 2.502 3.520 3.466 3.382 2.696 3.278 0.532 2.228 2.839 2.776 3.017 2.928 5.724 5.985 12.412 7.284 8.066 5.642 1.776 0.194 0.308 1.866 4.189 0.018 0.338 2.295 2.003 2.947 0.840 2.687 2.966 4.593 6.937 7.671 8.587 5.795 3.469 2.592 0.479 1.343 0.387 2.815 3.749 2.085 0.796 1.324 1.441 2.764 3.009 3.376 2.622 1.107 0.033 0.684 0.819 1.073 1.474 0.157 0.173 0.064 0.208 1.518 2.681 4.129
0.519 3.597 2.459 3.442 1.853 0.552 3.380 3.534 2.375 2.319 0.491 0.064 2.311 2.085 1.912 0.912 0.627 1.276 6.844 4.811 7.809 7.894 4.309 2.578 6.599 3.094 0.620 0.418 1.025 2.819 0.147 4.338 2.219 2.735 0.586 0.551 2.551 5.879 7.174 7.188 9.266 7.384 4.364 0.577 3.371 0.036 0.869 1.184 1.016 0.266 0.426 0.196 0.254 0.861 -999.000 -999.000 1.184 0.778 0.697 0.044 0.529 0.311 2.796 0.037 1.649 1.680 3.053 2.133 0.287 2.194 2.637
3.158 2.189 5.241 4.544 0.458 3.652 2.377 2.110 0.063 2.096 1.131 1.927 0.321 2.388 1.593 1.497 0.412 6.641 5.097 1.779 5.325 7.246 3.899 0.682 0.689 5.561 0.083 0.746 0.254 1.078 0.599 4.557 2.899 0.228 0.417 3.429 5.092 7.153 6.290 8.362 6.376 6.772 2.681 0.789 1.227 0.428 2.392 2.745 0.853 0.313 -999.000 -999.000 -999.000 -999.000 -999.000 -999.000 -999.000 2.372 1.870 0.487 0.480 1.855 0.378 1.349 1.032 1.375 4.851 4.630 0.362 0.308 1.652
6.694 6.451 6.210 2.009 4.137 2.499 0.149 0.456 0.161 2.142 2.313 1.971 3.232 3.639 3.384 0.407 3.392 6.266 5.401 0.825 2.107 4.204 5.516 2.662 0.196 0.406 0.319 1.046 0.497 0.384 1.258 5.622 5.704 3.790 1.915 4.852 7.330 6.364 8.119 6.435 2.290 3.135 5.150 0.358 2.091 1.670 3.158 1.639 -999.000 -999.000 -999.000 -999.000 -999.000 -999.000 -999.000 -999.000 -999.000 3.003 0.481 0.514 2.800 4.109 1.140 2.016 0.218 1.976 2.614 6.132 2.003 0.869 4.421
5.736 4.508 2.136 2.776 1.370 0.374 2.296 3.494 2.738 4.084 4.581 4.710 5.739 3.320 1.107 3.306 2.442 2.625 3.296 0.098 1.438 4.991 7.549 5.148 5.037 0.040 1.822 1.477 0.023 0.579 1.277 6.009 6.911 6.242 4.665 6.911 6.240 8.184 5.042 2.296 1.588 0.420 4.487 1.712 0.940 4.535 4.528 3.815 -999.000 -999.000 -999.000 -999.000 -999.000 -999.000 -999.000 -999.000 -999.000 0.045 1.288 1.654 3.672 7.209 1.439 2.070 0.696 4.047 5.332 8.642 2.837 0.679 3.618
