tests/2D_interpolations/2009-01-19T12.00_RSWR_ref.asc
ncols               386
nrows               229
xllcorner    479497.492
yllcorner     73502.967
cellsize       1000.000
NODATA_value -999
[rows 29 to 57 of 229, columns 198 to 263 of 386]
183.706 183.736 183.765 183.793 183.820 183.846 183.871 -999.000 -999.000 183.941 183.963 183.984 184.004 184.023 184.041 184.059 184.075 184.091 184.106 184.120 184.134 184.146 184.157 184.168 184.178 184.187 184.195 184.203 184.209 184.215 184.220 184.224 184.228 184.231 184.233 184.235 184.236 184.236 184.236 184.235 184.234 184.232 184.229 184.226 184.223 184.220 184.216 184.211 184.206 184.201 184.195 184.189 184.183 184.177 184.170 184.162 184.155 184.147 184.138 184.129 184.120 184.111 184.101 184.091 184.081 184.071
183.751 183.780 183.809 183.837 183.865 183.891 183.916 183.940 183.964 183.987 184.008 184.029 184.049 184.068 184.086 184.104 184.120 184.136 184.151 184.165 184.178 184.190 184.201 184.211 184.221 184.230 184.238 184.245 184.251 184.256 184.261 184.265 184.269 184.272 184.274 184.275 184.276 184.276 184.276 184.275 184.273 184.271 184.268 184.264 184.260 184.256 184.252 184.247 184.242 184.236 184.230 184.223 184.216 184.209 184.202 184.194 184.186 184.177 184.168 184.159 184.150 184.140 184.130 184.119 184.109 184.098
-999.000 183.826 183.855 183.883 183.911 183.937 183.962 183.986 184.010 184.033 184.054 184.075 184.095 184.114 184.132 184.149 184.166 184.181 184.196 184.210 184.222 184.234 184.245 184.256 184.265 184.273 184.281 184.288 184.293 184.299 184.303 184.307 184.310 184.313 184.315 184.316 184.316 184.316 184.315 184.314 184.312 184.309 184.306 184.302 184.298 184.293 184.287 184.282 184.276 184.270 184.264 184.257 184.249 184.241 184.234 184.226 184.217 184.208 184.199 184.189 184.179 184.169 184.158 184.147 184.136 184.125
183.843 183.873 183.902 183.930 183.957 183.984 184.009 184.033 184.057 184.079 184.101 184.122 184.142 184.160 184.179 184.196 184.212 184.227 184.242 184.255 184.268 184.279 184.290 184.300 184.309 184.317 184.325 184.331 184.337 184.341 184.346 184.349 184.352 184.354 184.356 184.356 184.357 184.356 184.355 184.353 184.351 184.348 184.344 184.340 184.335 184.330 184.324 184.318 184.311 184.305 184.298 184.290 184.282 184.274 184.265 184.257 184.248 184.239 184.229 184.219 184.209 184.198 184.187 184.175 184.164 184.152
183.890 183.920 183.950 183.978 184.005 184.031 184.057 184.081 184.105 184.127 184.149 184.169 184.189 184.208 184.226 184.243 184.259 184.274 184.288 184.302 184.314 184.325 184.336 184.346 184.354 184.362 184.368 184.374 184.380 184.384 184.388 184.391 184.394 184.396 184.396 184.397 184.396 184.396 184.394 184.392 184.389 184.386 184.382 184.377 184.372 184.366 184.360 184.353 184.346 184.338 184.331 184.323 184.315 184.306 184.298 184.288 184.279 184.269 184.259 184.248 184.238 184.227 184.215 184.203 184.191 184.179
183.939 183.969 183.998 184.027 184.054 184.080 184.106 184.130 184.153 184.176 184.198 184.218 184.238 184.257 184.274 184.291 184.307 184.322 184.336 184.349 184.361 184.372 184.382 184.391 184.399 184.406 184.413 184.418 184.423 184.427 184.431 184.433 184.435 184.436 184.437 184.437 184.436 184.435 184.433 184.431 184.428 184.424 184.420 184.415 184.409 184.403 184.397 184.389 184.382 184.373 184.365 184.356 184.348 184.339 184.329 184.319 184.309 184.299 184.288 184.278 184.267 184.255 184.243 184.231 184.219 184.206
183.988 184.018 184.048 184.076 184.104 184.130 184.155 184.180 184.203 184.226 184.247 184.268 184.287 184.306 184.324 184.340 184.356 184.370 184.384 184.397 184.408 184.419 184.428 184.437 184.444 184.451 184.457 184.462 184.466 184.470 184.473 184.475 184.477 184.478 184.478 184.478 184.477 184.475 184.473 184.470 184.467 184.463 184.458 184.453 184.447 184.440 184.433 184.426 184.418 184.409 184.400 184.390 184.381 184.371 184.361 184.351 184.340 184.329 184.318 184.306 184.295 184.283 184.271 184.259 184.246 184.233
184.038 184.069 184.098 184.127 184.154 184.181 184.206 184.231 184.254 184.276 184.298 184.318 184.338 184.356 184.374 184.390 184.405 184.420 184.433 184.445 184.456 184.466 184.475 184.482 184.489 184.496 184.501 184.506 184.510 184.514 184.516 184.518 184.520 184.520 184.520 184.520 184.518 184.516 184.514 184.510 184.506 184.502 184.497 184.491 184.485 184.478 184.471 184.463 184.454 184.445 184.435 184.425 184.415 184.404 184.394 184.383 184.371 184.360 184.348 184.336 184.323 184.311 184.298 184.286 184.272 184.259
184.088 184.119 184.150 184.178 184.206 184.232 184.258 184.282 184.306 184.328 184.349 184.370 184.389 184.407 184.425 184.440 184.455 184.469 184.482 184.494 184.504 184.513 184.521 184.528 184.535 184.541 184.547 184.551 184.555 184.558 184.560 184.562 184.563 184.563 184.563 184.562 184.560 184.558 184.554 184.551 184.546 184.541 184.536 184.530 184.523 184.516 184.508 184.500 184.491 184.481 184.471 184.461 184.450 184.438 184.427 184.415 184.403 184.391 184.379 184.366 184.353 184.340 184.326 184.313 184.299 184.285
184.140 184.171 184.201 184.230 184.258 184.285 184.310 184.335 184.358 184.380 184.402 184.422 184.441 184.459 184.475 184.491 184.505 184.519 184.531 184.541 184.551 184.560 184.568 184.575 184.582 184.588 184.593 184.597 184.601 184.603 184.605 184.607 184.607 184.607 184.606 184.604 184.602 184.599 184.596 184.591 184.587 184.581 184.575 184.569 184.561 184.554 184.545 184.537 184.527 184.517 184.507 184.496 184.485 184.473 184.460 184.448 184.435 184.423 184.410 184.396 184.382 184.368 184.355 184.341 184.326 184.312
184.192 184.223 184.254 184.283 184.311 184.338 184.364 184.388 184.412 184.434 184.455 184.475 184.493 184.511 184.527 184.542 184.556 184.569 184.580 184.590 184.600 184.609 184.617 184.624 184.630 184.635 184.640 184.644 184.647 184.649 184.651 184.652 184.652 184.651 184.650 184.647 184.645 184.641 184.637 184.633 184.627 184.621 184.615 184.608 184.600 184.592 184.583 184.574 184.564 184.554 184.543 184.531 184.519 184.507 184.494 184.481 184.468 184.454 184.441 184.427 184.413 184.398 184.383 184.369 184.354 184.339
184.245 184.277 184.307 184.337 184.365 184.392 184.418 184.443 184.466 184.488 184.509 184.529 184.547 184.564 184.579 184.594 184.607 184.619 184.630 184.641 184.650 184.658 184.666 184.673 184.679 184.684 184.688 184.691 184.694 184.696 184.697 184.697 184.697 184.695 184.693 184.691 184.687 184.683 184.679 184.674 184.668 184.661 184.654 184.647 184.639 184.630 184.621 184.611 184.601 184.590 184.579 184.567 184.554 184.542 184.528 184.515 184.500 184.486 184.472 184.458 184.443 184.428 184.412 184.397 184.381 184.366
184.298 184.331 184.362 184.391 184.419 184.447 184.473 184.498 184.521 184.543 184.564 184.583 184.600 184.617 184.632 184.646 184.659 184.671 184.682 184.692 184.701 184.709 184.716 184.722 184.728 184.732 184.736 184.739 184.741 184.742 184.743 184.743 184.741 184.740 184.737 184.734 184.730 184.726 184.720 184.715 184.708 184.701 184.694 184.686 184.677 184.668 184.658 184.648 184.637 184.626 184.614 184.602 184.589 184.576 184.562 184.548 184.534 184.519 184.503 184.488 184.473 184.458 184.442 184.426 184.409 184.393
184.352 184.385 184.417 184.447 184.475 184.503 184.529 184.553 184.576 184.598 184.619 184.637 184.654 184.670 184.685 184.699 184.712 184.723 184.733 184.743 184.752 184.759 184.766 184.772 184.777 184.781 184.784 184.787 184.788 184.789 184.789 184.788 184.787 184.784 184.781 184.777 184.773 184.768 184.762 184.755 184.748 184.741 184.733 184.724 184.715 184.705 184.695 184.684 184.673 184.662 184.649 184.637 184.624 184.610 184.596 184.582 184.567 184.551 184.535 184.519 184.504 184.488 184.471 184.455 184.438 184.420
184.407 184.440 184.472 184.503 184.532 184.559 184.585 184.609 184.632 184.653 184.672 184.690 184.707 184.723 184.738 184.751 184.763 184.774 184.784 184.793 184.802 184.809 184.815 184.821 184.825 184.829 184.831 184.833 184.834 184.835 184.834 184.833 184.831 184.828 184.824 184.820 184.815 184.810 184.803 184.796 184.789 184.781 184.772 184.763 184.753 184.743 184.732 184.721 184.709 184.697 184.684 184.671 184.658 184.644 184.630 184.615 184.600 184.584 184.568 184.551 184.534 184.518 184.501 184.484 184.467 184.449
184.464 184.496 184.528 184.558 184.587 184.614 184.639 184.663 184.685 184.705 184.725 184.743 184.761 184.777 184.791 184.803 184.815 184.826 184.836 184.845 184.852 184.859 184.865 184.870 184.874 184.877 184.879 184.880 184.880 184.880 184.878 184.876 184.874 184.870 184.866 184.861 184.856 184.850 184.843 184.836 184.828 184.820 184.811 184.801 184.791 184.780 184.769 184.757 184.745 184.732 184.719 184.706 184.692 184.677 184.662 184.647 184.632 184.616 184.599 184.582 184.565 184.547 184.530 184.513 184.496 184.478
184.519 184.552 184.583 184.612 184.641 184.668 184.694 184.718 184.739 184.760 184.779 184.798 184.815 184.830 184.844 184.857 184.868 184.879 184.888 184.896 184.904 184.910 184.915 184.919 184.922 184.925 184.926 184.927 184.926 184.925 184.923 184.920 184.917 184.912 184.907 184.902 184.896 184.889 184.882 184.874 184.865 184.856 184.847 184.837 184.827 184.816 184.805 184.793 184.780 184.767 184.754 184.740 184.725 184.711 184.695 184.680 184.664 184.647 184.631 184.613 184.596 184.578 184.560 184.542 184.524 184.506
184.574 184.607 184.638 184.668 184.696 184.723 184.748 184.772 184.795 184.815 184.835 184.853 184.869 184.885 184.898 184.911 184.922 184.932 184.941 184.949 184.955 184.961 184.965 184.969 184.971 184.973 184.974 184.973 184.972 184.970 184.967 184.964 184.959 184.954 184.949 184.942 184.935 184.928 184.920 184.911 184.902 184.893 184.883 184.872 184.861 184.850 184.838 184.826 184.814 184.801 184.787 184.773 184.758 184.743 184.728 184.712 184.696 184.679 184.662 184.644 184.627 184.608 184.590 184.571 184.553 184.534
184.631 184.663 184.694 184.724 184.752 184.778 184.804 184.827 184.850 184.872 184.891 184.909 184.925 184.940 184.953 184.966 184.977 184.986 184.995 185.002 185.008 185.013 185.016 185.019 185.021 185.022 185.021 185.020 185.018 185.015 185.012 185.007 185.002 184.996 184.990 184.983 184.975 184.967 184.958 184.948 184.939 184.928 184.918 184.907 184.895 184.883 184.871 184.858 184.845 184.832 184.818 184.804 184.790 184.775 184.760 184.743 184.727 184.710 184.693 184.675 184.657 184.639 184.620 184.601 184.582 184.562
184.688 184.720 184.751 184.780 184.808 184.835 184.860 184.884 184.906 184.928 184.948 184.965 184.981 184.996 185.009 185.021 185.032 185.041 185.049 185.055 185.061 185.065 185.068 185.070 185.071 185.071 185.070 185.068 185.065 185.061 185.057 185.051 185.045 185.038 185.031 185.023 185.014 185.005 184.996 184.986 184.975 184.964 184.952 184.941 184.929 184.916 184.903 184.890 184.877 184.863 184.849 184.834 184.820 184.805 184.789 184.774 184.757 184.740 184.723 184.705 184.687 184.669 184.650 184.630 184.610 184.590
184.747 184.779 184.809 184.838 184.866 184.892 184.917 184.941 184.964 184.985 185.005 185.022 185.039 185.053 185.066 185.077 185.087 185.096 185.104 185.110 185.114 185.118 185.120 185.121 185.121 185.120 185.118 185.115 185.112 185.107 185.101 185.095 185.088 185.081 185.072 185.063 185.054 185.044 185.033 185.023 185.011 184.999 184.987 184.975 184.962 184.949 184.935 184.921 184.907 184.893 184.878 184.864 184.849 184.833 184.818 184.802 184.786 184.769 184.753 184.735 184.717 184.698 184.679 184.659 184.639 184.618
184.807 184.837 184.868 184.897 184.925 184.951 184.976 185.000 185.022 185.043 185.062 185.080 185.096 185.111 185.123 185.134 185.144 185.152 185.159 185.165 185.169 185.171 185.173 185.173 185.172 185.170 185.167 185.164 185.159 185.153 185.147 185.140 185.132 185.123 185.114 185.104 185.094 185.083 185.072 185.060 185.048 185.036 185.023 185.009 184.996 184.982 184.968 184.953 184.939 184.924 184.908 184.893 184.877 184.861 184.845 184.829 184.813 184.796 184.780 184.762 184.745 184.726 184.707 184.687 184.667 184.646
184.867 184.898 184.928 184.957 184.985 185.011 185.036 185.060 185.082 185.102 185.120 185.138 185.154 185.168 185.182 185.192 185.201 185.209 185.215 185.220 185.223 185.226 185.226 185.225 185.224 185.221 185.217 185.212 185.207 185.200 185.193 185.185 185.176 185.167 185.157 185.146 185.135 185.123 185.111 185.098 185.085 185.072 185.058 185.044 185.030 185.015 185.000 184.985 184.970 184.954 184.938 184.922 184.906 184.890 184.874 184.857 184.840 184.823 184.806 184.789 184.771 184.753 184.734 184.714 184.694 184.673
184.930 184.961 184.991 185.020 185.047 185.073 185.098 185.121 185.143 185.162 185.180 185.197 185.213 185.227 185.239 185.250 185.259 185.266 185.272 185.276 185.279 185.280 185.280 185.279 185.276 185.272 185.267 185.262 185.255 185.248 185.240 185.231 185.221 185.210 185.199 185.188 185.175 185.163 185.150 185.136 185.122 185.108 185.093 185.078 185.063 185.047 185.032 185.016 185.000 184.984 184.968 184.951 184.935 184.918 184.902 184.885 184.868 184.850 184.833 184.815 184.796 184.778 184.759 184.740 184.720 184.699
184.994 185.025 185.055 185.084 185.111 185.137 185.161 185.184 185.205 185.224 185.242 185.258 185.273 185.286 185.298 185.309 185.318 185.325 185.330 185.333 185.335 185.335 185.335 185.333 185.329 185.324 185.319 185.312 185.305 185.296 185.287 185.277 185.266 185.254 185.242 185.229 185.216 185.202 185.188 185.173 185.158 185.143 185.127 185.112 185.096 185.079 185.063 185.047 185.030 185.013 184.997 184.980 184.963 184.946 184.929 184.912 184.894 184.877 184.859 184.840 184.822 184.803 184.784 184.764 184.744 184.724
185.059 185.091 185.121 185.150 185.177 185.202 185.226 185.248 185.269 185.287 185.305 185.320 185.335 185.347 185.358 185.368 185.376 185.383 185.388 185.391 185.392 185.391 185.390 185.387 185.383 185.378 185.371 185.363 185.355 185.345 185.335 185.323 185.311 185.298 185.285 185.271 185.256 185.241 185.226 185.210 185.194 185.178 185.161 185.145 185.128 185.111 185.094 185.077 185.059 185.042 185.025 185.008 184.991 184.973 184.956 184.938 184.920 184.902 184.884 184.866 184.847 184.828 184.808 184.788 184.768 184.747
185.127 185.159 185.189 185.217 185.244 185.269 185.293 185.314 185.334 185.352 185.369 185.384 185.398 185.410 185.420 185.429 185.436 185.442 185.446 185.449 185.449 185.448 185.446 185.443 185.438 185.432 185.424 185.415 185.405 185.394 185.382 185.370 185.356 185.342 185.327 185.312 185.296 185.280 185.264 185.247 185.229 185.212 185.195 185.177 185.159 185.141 185.124 185.106 185.088 185.070 185.053 185.035 185.017 185.000 184.982 184.964 184.946 184.927 184.909 184.890 184.871 184.852 184.832 184.812 184.791 184.770
185.196 185.228 185.258 185.286 185.313 185.338 185.361 185.381 185.401 185.418 185.435 185.449 185.462 185.473 185.483 185.490 185.497 185.502 185.505 185.507 185.508 185.506 185.503 185.499 185.493 185.486 185.477 185.467 185.456 185.443 185.430 185.416 185.401 185.386 185.370 185.353 185.336 185.318 185.300 185.282 185.264 185.246 185.227 185.209 185.190 185.171 185.153 185.134 185.116 185.098 185.079 185.061 185.043 185.025 185.007 184.989 184.970 184.952 184.933 184.914 184.895 184.875 184.855 184.835 184.814 184.793
185.266 185.298 185.329 185.357 185.384 185.408 185.430 185.451 185.469 185.486 185.502 185.516 185.528 185.538 185.547 185.554 185.559 185.563 185.565 185.567 185.567 185.565 185.561 185.555 185.549 185.540 185.530 185.519 185.506 185.492 185.478 185.462 185.446 185.429 185.411 185.393 185.375 185.356 185.337 185.317 185.298 185.278 185.259 185.239 185.220 185.200 185.181 185.162 185.143 185.124 185.106 185.087 185.068 185.050 185.031 185.013 184.994 184.975 184.956 184.937 184.918 184.898 184.878 184.857 184.837 184.815
