tests/2D_interpolations/2009-01-19T12.00_TA_ref.asc
ncols               386
nrows               229
xllcorner    479497.492
yllcorner     73502.967
cellsize       1000.000
NODATA_value -999
[rows 58 to 86 of 229, columns 66 to 131 of 386]
-999.000 -999.000 -999.000 -999.000 -999.000 -999.000 -999.000 -999.000 -999.000 -999.000 -999.000 -999.000 -999.000 -999.000 -999.000 -999.000 -999.000 -999.000 -999.000 -999.000 -999.000 -999.000 -999.000 -999.000 -999.000 -999.000 289.142 288.472 288.101 284.857 285.045 285.967 287.035 288.622 287.473 285.679 287.362 288.329 288.162 287.771 288.359 288.351 288.246 287.580 288.086 289.106 289.115 288.801 288.950 289.145 289.070 288.967 288.856 288.649 288.648 288.294 288.345 288.109 287.937 287.483 285.566 283.345 283.732 284.254 283.935 283.520
-999.000 -999.000 -999.000 -999.000 -999.000 -999.000 -999.000 -999.000 -999.000 -999.000 -999.000 -999.000 -999.000 -999.000 -999.000 -999.000 -999.000 -999.000 -999.000 -999.000 -999.000 -999.000 -999.000 -999.000 -999.000 -999.000 285.557 285.509 284.331 284.613 286.430 288.004 286.941 287.380 284.542 286.258 288.222 288.411 288.525 288.604 288.684 288.785 288.748 288.628 288.955 288.892 288.740 288.250 288.264 289.055 288.385 288.278 287.399 287.985 288.333 286.864 286.611 286.855 286.618 287.327 285.862 285.255 284.452 284.623 283.192 282.791
-999.000 -999.000 -999.000 -999.000 -999.000 -999.000 -999.000 -999.000 -999.000 -999.000 -999.000 -999.000 -999.000 -999.000 -999.000 -999.000 -999.000 -999.000 -999.000 -999.000 -999.000 -999.000 -999.000 -999.000 284.610 284.524 285.038 285.054 285.307 286.098 287.933 288.532 286.154 284.570 286.583 287.324 287.661 288.141 288.383 288.162 287.972 288.549 287.941 288.296 288.095 288.495 287.893 288.218 288.088 288.162 286.661 286.333 285.783 286.275 285.568 287.130 287.653 287.626 286.201 285.708 283.855 284.409 283.542 284.990 282.336 283.124
-999.000 -999.000 -999.000 -999.000 -999.000 -999.000 -999.000 -999.000 -999.000 -999.000 -999.000 -999.000 -999.000 -999.000 -999.000 -999.000 -999.000 -999.000 -999.000 -999.000 -999.000 -999.000 -999.000 286.945 286.279 285.399 287.077 287.255 288.814 288.260 285.947 284.550 283.974 285.711 286.811 285.591 284.957 287.228 285.536 286.253 285.413 286.313 286.282 286.307 286.542 287.100 286.188 285.702 285.036 286.812 287.429 286.116 286.789 286.149 286.437 286.639 286.644 286.885 285.209 284.730 282.661 281.709 282.326 281.732 281.464 282.245
-999.000 -999.000 -999.000 -999.000 -999.000 -999.000 -999.000 -999.000 -999.000 -999.000 -999.000 -999.000 -999.000 -999.000 -999.000 -999.000 -999.000 -999.000 -999.000 -999.000 -999.000 -999.000 285.206 287.863 288.355 287.837 288.200 285.496 285.486 285.118 283.785 284.005 285.835 285.597 284.317 283.835 284.044 286.545 285.304 283.270 285.910 285.125 284.193 283.239 283.895 283.784 283.290 284.498 283.955 284.835 287.048 287.215 283.347 282.523 282.370 283.309 283.798 284.577 287.019 284.297 282.640 284.699 284.425 282.547 283.073 285.370
-999.000 -999.000 -999.000 -999.000 -999.000 -999.000 -999.000 -999.000 -999.000 -999.000 -999.000 -999.000 -999.000 -999.000 -999.000 -999.000 -999.000 -999.000 -999.000 -999.000 -999.000 288.617 287.238 287.843 287.156 286.686 285.089 283.470 283.393 283.329 284.172 286.273 284.488 284.609 285.392 286.946 287.418 287.869 288.025 287.877 287.625 287.253 287.121 286.827 286.405 285.806 284.814 282.887 284.352 287.006 288.424 284.113 282.312 280.531 280.917 282.189 282.012 282.216 284.137 285.665 284.387 283.437 283.086 281.996 283.707 285.483
-999.000 -999.000 -999.000 -999.000 -999.000 -999.000 -999.000 -999.000 -999.000 -999.000 -999.000 -999.000 -999.000 -999.000 -999.000 -999.000 -999.000 -999.000 288.527 288.357 287.406 286.609 285.181 283.931 283.764 283.774 283.848 284.181 283.699 284.188 284.699 283.684 284.138 283.689 283.644 283.487 284.309 285.289 286.556 284.260 284.992 285.425 283.998 284.183 284.259 282.265 282.423 282.322 282.774 285.872 285.738 283.338 283.019 284.612 285.502 285.220 285.392 285.715 283.782 282.875 282.144 282.063 283.262 282.870 285.312 288.089
-999.000 -999.000 -999.000 -999.000 -999.000 -999.000 -999.000 -999.000 -999.000 -999.000 -999.000 -999.000 -999.000 -999.000 -999.000 -999.000 -999.000 287.137 287.238 285.270 285.520 283.981 283.886 283.754 283.753 283.507 283.934 284.175 284.903 284.582 283.236 283.937 283.501 283.283 283.129 283.356 284.252 284.501 285.929 283.586 283.004 283.199 282.074 282.206 283.709 282.876 284.261 284.614 286.490 286.553 287.540 287.204 287.384 287.473 287.284 287.002 286.196 283.896 281.364 284.727 286.025 285.997 285.889 287.460 286.613 285.119
-999.000 -999.000 -999.000 -999.000 -999.000 -999.000 -999.000 -999.000 -999.000 -999.000 -999.000 -999.000 -999.000 -999.000 -999.000 -999.000 -999.000 288.304 284.718 284.533 284.363 284.246 283.773 283.500 283.806 283.936 284.112 284.194 284.093 283.641 283.547 283.636 283.368 283.340 282.773 284.265 285.176 285.121 285.580 285.020 284.828 283.843 284.053 284.851 285.423 286.312 287.344 287.675 287.726 287.934 287.488 287.544 286.926 286.553 285.542 286.253 284.037 281.851 285.439 285.671 286.543 286.167 285.760 284.683 281.849 283.303
-999.000 -999.000 -999.000 -999.000 -999.000 -999.000 -999.000 -999.000 -999.000 -999.000 -999.000 -999.000 -999.000 -999.000 -999.000 -999.000 -999.000 288.490 285.385 284.707 283.315 282.742 283.572 283.996 283.681 283.599 282.981 283.453 283.300 283.487 282.901 282.768 282.911 282.641 284.415 283.640 283.070 283.490 282.864 282.009 281.944 280.568 281.534 281.785 282.625 284.626 285.888 286.326 287.852 286.732 286.006 285.738 285.595 284.483 282.471 284.660 286.236 285.570 285.899 284.714 283.591 283.843 282.466 283.244 285.190 286.177
-999.000 -999.000 -999.000 -999.000 -999.000 -999.000 -999.000 -999.000 -999.000 -999.000 -999.000 -999.000 -999.000 -999.000 -999.000 -999.000 -999.000 -999.000 286.162 284.703 283.933 283.634 283.856 283.732 283.383 283.371 283.277 283.242 283.133 283.307 282.981 283.094 283.195 283.975 284.112 284.042 282.937 282.813 282.339 280.958 280.907 281.317 283.720 284.690 284.378 283.814 283.301 287.053 283.691 281.664 281.196 281.785 281.693 281.369 282.550 284.721 285.327 282.793 283.183 281.892 280.898 280.705 281.891 286.549 287.139 287.337
-999.000 -999.000 -999.000 -999.000 -999.000 -999.000 -999.000 -999.000 -999.000 -999.000 -999.000 -999.000 -999.000 -999.000 -999.000 -999.000 -999.000 -999.000 285.934 283.705 283.419 283.660 283.589 283.585 283.197 283.243 283.065 283.273 282.990 283.155 283.001 282.706 282.394 282.126 283.090 283.981 284.841 285.503 285.024 284.686 284.886 284.973 285.130 285.600 285.475 285.037 284.211 286.643 284.273 283.651 283.973 284.539 284.742 282.902 281.746 280.691 282.995 281.703 282.097 281.459 283.366 283.576 286.564 287.375 288.039 288.493
-999.000 -999.000 -999.000 -999.000 -999.000 -999.000 -999.000 -999.000 -999.000 -999.000 -999.000 -999.000 -999.000 -999.000 -999.000 -999.000 -999.000 286.488 284.030 282.686 283.378 283.276 283.435 283.020 283.371 283.281 283.343 283.302 283.206 282.603 282.014 281.692 282.173 282.969 285.241 285.621 285.437 285.596 285.812 286.000 286.308 286.418 286.306 286.560 286.655 286.582 286.758 286.389 285.984 285.583 284.795 282.477 282.280 280.829 280.490 280.824 283.058 284.233 286.395 286.115 287.196 287.258 287.978 287.477 287.883 288.560
-999.000 -999.000 -999.000 -999.000 -999.000 -999.000 -999.000 -999.000 -999.000 -999.000 -999.000 -999.000 -999.000 -999.000 -999.000 -999.000 286.566 285.421 283.202 283.675 283.728 283.290 283.028 283.180 283.276 283.534 283.395 282.893 282.633 283.144 284.331 284.707 284.223 284.729 285.055 285.513 285.484 285.994 285.687 285.377 285.446 285.452 285.689 285.466 285.199 285.188 284.776 283.016 281.963 281.172 279.514 279.860 281.416 283.007 285.025 285.911 286.850 287.484 287.653 287.885 287.951 288.375 287.967 288.680 288.703 288.871
-999.000 -999.000 -999.000 -999.000 -999.000 -999.000 -999.000 -999.000 -999.000 -999.000 -999.000 -999.000 -999.000 -999.000 -999.000 286.949 283.634 283.386 283.612 283.647 283.257 282.698 283.175 283.384 283.554 283.182 283.284 283.733 284.427 284.446 283.957 283.521 283.377 283.491 283.593 285.302 285.878 285.219 284.490 284.042 283.567 282.138 282.055 281.435 280.949 281.561 281.757 281.071 281.235 281.256 280.703 282.710 283.983 285.813 286.829 287.380 287.782 287.960 288.133 288.341 288.571 288.392 288.922 288.962 289.041 289.217
-999.000 -999.000 -999.000 -999.000 -999.000 -999.000 -999.000 -999.000 -999.000 -999.000 -999.000 -999.000 -999.000 -999.000 285.751 283.498 283.425 283.568 283.271 282.414 282.334 283.060 283.443 283.510 282.749 282.858 283.148 283.364 283.074 282.814 282.559 282.476 282.517 283.227 283.716 284.224 284.162 282.305 282.038 281.131 280.656 281.710 281.283 282.207 281.971 282.625 283.867 283.723 282.502 282.513 283.327 286.060 286.952 287.681 288.260 288.183 288.718 288.870 289.124 289.082 289.073 289.037 289.112 289.211 289.204 289.192
-999.000 -999.000 -999.000 -999.000 -999.000 -999.000 -999.000 -999.000 -999.000 -999.000 -999.000 -999.000 287.666 285.184 283.528 283.205 283.201 282.811 281.941 282.104 283.168 283.129 283.123 282.776 282.426 282.038 281.559 281.503 281.828 282.538 283.751 285.606 285.663 285.162 284.790 285.602 282.647 282.371 282.167 284.532 284.266 285.410 286.064 284.726 282.972 282.385 282.051 282.372 284.669 286.825 287.694 288.183 288.172 288.697 288.986 289.024 289.191 289.229 289.229 289.226 289.231 289.226 289.153 289.180 289.171 289.159
-999.000 -999.000 -999.000 -999.000 -999.000 -999.000 -999.000 -999.000 -999.000 -999.000 -999.000 -999.000 285.347 284.001 283.360 283.048 282.288 282.102 282.237 282.991 283.080 282.897 282.384 281.596 281.175 280.892 282.920 284.280 285.522 286.477 286.570 286.701 286.886 286.899 286.868 284.417 284.642 286.648 286.052 287.074 287.167 285.970 283.668 284.201 284.661 285.262 286.473 286.299 286.786 287.806 288.774 288.936 289.010 289.109 289.184 289.224 289.228 289.236 289.233 289.139 289.077 288.943 288.828 288.916 288.622 289.123
-999.000 -999.000 -999.000 -999.000 -999.000 -999.000 -999.000 -999.000 -999.000 -999.000 -999.000 286.592 284.153 283.373 282.884 282.675 282.990 283.020 283.192 282.909 282.722 281.529 280.968 281.127 282.069 283.895 286.135 286.401 286.618 286.129 286.036 286.541 285.667 285.188 285.221 285.015 286.876 285.622 285.844 284.522 285.301 284.089 284.489 286.159 285.136 284.499 285.080 286.653 287.851 288.905 288.859 289.185 289.210 289.230 289.235 289.237 289.232 288.869 288.721 288.616 288.309 288.197 288.464 288.960 289.083 289.074
-999.000 -999.000 -999.000 -999.000 -999.000 -999.000 -999.000 -999.000 -999.000 -999.000 285.277 284.086 284.007 283.076 283.217 283.214 283.263 283.365 282.989 282.642 281.597 281.297 281.161 282.934 284.764 286.365 286.426 285.970 285.395 283.317 282.319 283.023 282.245 281.852 281.476 284.056 284.727 283.776 282.164 286.907 284.486 285.269 285.846 283.730 286.260 288.427 288.905 289.099 289.185 289.193 289.234 289.238 289.240 289.247 289.242 289.117 288.768 288.370 288.355 288.038 288.034 288.329 288.858 288.986 289.053 289.027
-999.000 -999.000 -999.000 -999.000 -999.000 -999.000 -999.000 -999.000 -999.000 -999.000 287.370 286.354 283.469 283.256 283.121 283.070 283.147 282.928 282.407 281.562 280.572 281.763 284.160 285.155 286.266 285.825 285.134 283.070 281.449 281.744 281.956 281.538 281.078 280.757 280.609 280.446 282.204 283.440 285.482 287.107 288.121 286.379 286.378 288.661 289.138 289.184 288.516 288.760 288.989 289.239 289.250 289.257 289.250 289.120 288.673 288.471 288.229 288.031 287.982 288.266 288.538 288.900 288.953 288.741 289.012 288.986
-999.000 -999.000 -999.000 -999.000 -999.000 -999.000 -999.000 -999.000 -999.000 -999.000 284.321 283.495 284.123 283.157 283.019 282.900 282.259 281.782 281.291 281.337 281.594 284.900 285.986 285.510 284.072 282.737 281.299 281.258 280.925 280.138 281.358 281.037 280.484 281.115 282.283 283.681 286.135 286.800 287.013 286.066 286.959 288.017 289.120 289.104 288.023 288.091 288.570 289.139 289.245 289.274 289.251 289.246 289.177 288.313 288.079 287.939 288.031 287.982 288.661 288.596 288.274 288.791 288.954 288.972 288.957 288.945
-999.000 -999.000 -999.000 -999.000 -999.000 -999.000 -999.000 -999.000 -999.000 285.047 283.504 283.627 284.307 283.418 282.883 282.205 281.580 281.467 281.797 283.715 285.552 285.679 285.319 283.474 281.450 280.121 279.612 278.893 279.679 280.585 281.166 281.430 281.711 282.604 282.844 285.256 286.041 285.013 285.580 287.048 288.700 289.109 289.005 288.323 288.493 289.181 289.234 289.245 289.250 289.282 289.256 289.189 288.757 288.266 287.996 287.913 288.501 287.967 288.187 288.563 288.717 288.906 288.920 288.920 288.904 288.899
-999.000 -999.000 -999.000 -999.000 -999.000 -999.000 -999.000 286.811 283.935 283.135 283.465 283.463 283.595 283.012 282.424 282.047 281.965 284.473 285.380 285.444 283.925 282.842 281.952 282.747 279.117 278.486 277.802 278.537 280.805 282.480 282.821 281.639 280.429 280.547 282.838 284.970 283.817 284.723 286.947 289.042 289.164 288.933 289.079 289.151 289.071 289.212 289.256 289.259 289.245 289.189 288.975 288.618 288.609 288.108 287.982 287.964 287.656 287.881 287.807 288.049 288.924 288.907 288.890 288.871 288.822 288.861
-999.000 -999.000 -999.000 -999.000 -999.000 -999.000 286.638 283.309 282.798 283.205 283.433 283.069 282.582 282.801 282.790 282.740 284.997 284.685 283.277 282.552 282.503 282.346 281.691 279.257 279.060 278.035 279.794 281.500 283.005 283.604 280.674 280.564 281.673 284.357 283.066 282.841 284.390 288.065 289.253 289.223 289.164 289.075 288.955 288.913 289.234 289.248 289.256 289.264 288.462 288.275 288.763 288.648 288.476 287.982 287.722 287.566 287.207 287.324 287.643 288.814 288.933 288.886 288.837 288.838 288.814 288.786
-999.000 -999.000 -999.000 286.501 285.075 284.179 283.087 282.516 282.672 283.163 283.119 283.057 282.871 282.594 283.955 284.751 283.506 282.424 282.204 282.098 282.134 282.406 280.678 279.211 279.201 281.038 282.536 283.370 283.759 283.053 282.411 284.614 285.058 284.069 283.889 285.264 287.688 289.257 289.252 289.249 289.247 289.228 289.254 289.230 289.239 289.236 289.257 288.354 288.638 288.964 288.785 288.513 288.172 287.945 287.568 287.436 287.327 288.385 288.623 288.939 288.939 288.735 288.816 288.793 288.760 288.746
-999.000 -999.000 285.295 283.774 283.150 281.589 281.909 282.016 283.308 283.501 282.699 282.740 282.711 284.160 284.457 282.599 281.528 281.244 281.507 281.598 282.244 283.185 280.245 280.061 282.053 283.274 284.330 284.752 284.455 284.601 285.349 285.633 285.144 284.850 286.557 288.227 289.260 289.263 289.210 288.617 288.689 289.077 288.658 288.561 289.216 289.234 289.240 289.225 289.147 289.001 288.731 288.175 287.597 287.477 287.564 287.785 288.889 288.905 288.903 288.622 288.773 288.755 288.765 288.744 288.719 288.713
-999.000 -999.000 283.006 282.091 281.405 281.142 282.010 283.081 283.499 283.101 282.124 282.731 284.137 283.003 281.850 282.023 281.974 281.927 281.472 283.038 284.063 281.619 280.440 282.755 283.800 284.687 285.234 285.364 285.424 285.457 285.246 285.290 285.562 287.088 288.805 289.263 289.266 289.232 289.169 288.746 288.288 288.695 289.182 289.206 289.224 289.225 289.185 288.970 288.649 288.431 288.297 288.021 287.476 287.858 288.888 288.903 288.910 288.871 288.755 288.300 288.648 288.764 288.711 288.699 288.670 288.668
-999.000 -999.000 281.831 280.983 281.037 282.047 283.050 283.397 282.936 282.894 282.118 283.583 281.816 281.171 280.708 281.280 282.566 284.127 284.566 284.706 283.904 281.253 282.574 283.811 284.566 284.960 285.453 285.494 285.352 285.200 284.917 285.566 288.193 289.261 289.266 289.269 289.272 289.027 288.700 288.332 288.808 289.178 289.187 289.205 289.223 289.112 288.625 288.584 288.299 288.197 288.594 288.748 288.852 288.867 288.750 288.710 288.771 288.478 288.151 288.416 288.563 288.723 288.699 288.671 288.624 288.620
