tests/2D_interpolations/2009-01-19T12.00_TA_ref.asc
ncols               386
nrows               229
xllcorner    479497.492
yllcorner     73502.967
cellsize       1000.000
NODATA_value -999
[rows 145 to 173 of 229, columns 198 to 263 of 386]
269.930 271.543 269.986 271.259 267.153 267.040 270.957 268.683 271.113 269.470 267.937 268.790 266.759 267.042 269.898 272.999 272.742 269.104 269.973 266.216 269.550 265.644 266.411 266.281 269.725 268.035 271.919 272.028 269.899 267.132 268.786 269.888 271.542 272.573 274.393 277.144 277.487 279.523 273.939 273.188 269.882 267.995 271.232 266.896 264.988 271.370 267.162 265.852 267.762 270.441 268.481 264.443 264.547 267.005 270.415 268.842 267.310 267.665 267.561 270.847 272.351 273.089 272.539 272.946 275.754 276.782
268.252 267.094 265.912 268.198 268.469 266.504 267.832 267.892 270.577 271.740 269.875 268.613 268.606 271.233 273.176 275.528 270.782 269.266 271.405 272.490 272.062 270.800 268.560 269.093 267.300 267.004 271.052 273.435 273.174 269.375 268.364 269.076 269.942 271.485 272.703 272.515 273.440 279.950 272.069 274.874 270.921 266.765 267.829 265.899 264.001 270.843 266.110 265.367 266.604 268.986 268.951 264.911 263.836 266.592 263.890 267.661 269.805 271.689 271.110 274.645 275.685 276.275 276.824 276.848 276.215 275.475
265.266 264.669 267.137 268.368 267.885 264.078 267.215 266.882 269.321 274.311 273.914 271.713 274.339 275.357 278.144 274.295 270.695 273.037 273.237 272.511 271.112 270.027 270.139 269.348 268.357 269.335 270.654 270.715 272.283 273.979 272.572 272.264 272.630 273.021 275.101 276.477 275.774 280.440 280.805 273.566 274.150 267.991 263.911 262.017 263.409 269.478 264.492 263.678 264.530 271.328 267.606 263.591 263.945 264.335 263.535 267.992 271.984 275.268 275.687 275.105 272.368 276.147 272.327 270.164 267.477 272.643
264.419 263.573 264.021 266.640 268.139 267.821 270.353 271.129 271.221 273.676 277.259 279.113 279.848 279.742 276.997 273.315 271.170 274.822 273.173 270.697 269.934 268.193 267.161 268.074 267.326 269.445 270.161 270.180 271.928 273.873 274.776 272.787 273.580 275.603 277.177 280.865 282.285 282.886 280.533 271.626 270.439 273.151 267.574 264.355 264.641 268.035 262.249 262.905 268.109 269.049 266.172 262.165 266.609 267.052 271.634 274.672 275.739 273.818 271.808 270.252 269.926 274.380 267.866 265.409 267.683 271.591
267.857 264.771 263.713 269.892 269.418 272.309 273.194 275.556 277.867 279.541 279.624 279.676 279.007 280.319 281.048 278.737 277.873 279.393 277.814 277.252 275.724 274.293 271.243 265.873 266.498 267.321 267.741 266.201 267.091 269.441 272.961 275.786 277.363 277.292 277.784 277.717 278.688 282.584 280.929 276.869 268.423 271.828 268.226 265.416 264.178 267.275 259.975 262.123 266.168 265.650 265.775 265.693 268.616 274.155 273.951 272.264 272.873 268.419 270.082 266.810 266.198 270.851 271.446 266.292 267.731 269.178
265.605 263.436 267.698 271.167 273.413 275.930 278.435 278.769 276.524 275.389 274.333 274.255 274.941 275.988 277.839 277.740 280.209 281.827 281.937 282.018 280.061 277.628 275.204 271.215 270.445 270.537 272.227 269.874 269.118 268.273 268.043 271.017 273.548 273.495 272.977 273.152 276.650 281.703 282.345 275.915 270.241 270.396 269.629 264.875 261.232 265.120 261.877 262.444 263.204 264.117 263.491 266.933 274.088 271.053 269.377 270.606 271.123 269.612 264.845 266.201 266.786 270.591 272.738 267.192 266.966 266.158
265.023 267.106 269.673 273.913 277.923 277.894 275.156 275.016 272.924 272.744 271.586 271.384 270.492 274.209 274.138 275.527 273.754 276.364 277.745 279.304 281.633 281.254 278.082 274.809 277.339 275.537 275.172 274.116 272.128 271.964 270.295 267.964 267.727 269.665 271.109 273.342 276.250 280.739 284.064 280.506 276.464 274.710 270.389 263.553 262.242 259.627 266.029 267.665 267.388 269.716 270.938 273.201 269.183 264.977 268.235 271.145 271.013 266.530 267.994 269.471 267.795 266.649 271.381 263.675 -999.000 -999.000
267.028 272.281 274.414 277.552 275.618 272.970 270.944 273.290 268.810 268.381 267.597 269.274 268.187 269.831 269.880 272.170 272.066 272.223 272.460 272.285 275.072 281.047 281.131 281.937 281.288 280.114 279.715 278.334 275.426 273.761 272.382 270.324 267.458 270.880 274.151 275.237 278.568 282.211 283.927 280.781 277.705 277.727 272.621 266.568 264.973 260.081 263.598 264.312 263.352 266.882 267.721 267.200 263.732 266.669 269.346 271.286 271.672 268.935 269.927 266.863 264.325 269.409 268.715 263.862 -999.000 -999.000
271.385 274.238 276.856 274.500 273.872 268.874 266.722 270.454 267.177 268.955 271.082 273.898 274.408 272.836 269.261 270.730 270.230 269.063 269.983 266.255 270.539 276.477 279.991 281.519 279.766 284.134 283.858 280.967 279.723 277.904 275.842 269.600 270.364 272.068 275.449 280.700 282.754 284.638 284.096 280.190 272.671 271.455 267.877 267.483 270.345 262.724 262.337 261.178 261.576 264.063 261.516 262.619 265.693 267.956 270.607 273.410 272.480 272.872 269.665 262.668 265.746 267.283 269.329 263.432 -999.000 -999.000
274.291 274.916 272.908 269.947 270.432 268.513 267.634 269.282 268.430 269.007 270.355 271.342 272.116 275.612 276.037 271.405 269.870 266.896 265.899 267.930 271.657 270.055 277.613 278.056 278.722 280.207 283.048 284.400 282.528 279.455 275.935 272.512 270.685 273.768 276.528 279.543 283.832 285.773 283.488 276.740 268.028 265.546 266.706 270.297 270.968 268.756 265.225 264.890 262.589 262.796 267.138 267.276 265.602 266.840 268.354 271.522 274.593 274.230 269.205 264.587 265.611 268.350 267.584 262.846 -999.000 -999.000
272.059 271.117 269.163 267.759 266.648 266.566 265.890 265.757 267.899 267.850 267.714 267.292 269.800 271.196 275.741 276.288 270.784 270.735 268.459 268.856 270.031 269.010 273.525 273.306 277.449 277.280 277.290 280.891 284.905 280.758 276.085 272.587 269.991 274.746 277.434 280.213 283.150 285.935 282.783 274.701 266.373 266.995 266.206 269.884 272.379 273.569 269.882 270.124 267.923 263.142 266.250 271.614 266.413 266.870 269.280 272.062 275.209 275.228 273.233 269.508 266.020 269.232 267.465 -999.000 -999.000 -999.000
269.360 268.904 267.040 267.865 268.350 268.085 264.548 267.650 269.843 269.760 271.424 270.166 267.268 270.757 271.012 274.932 276.357 271.571 273.017 268.625 265.981 267.021 269.576 271.187 275.877 274.687 276.887 277.797 279.574 284.074 278.685 273.345 270.819 273.400 275.862 279.815 282.482 285.587 283.907 276.800 271.688 268.506 265.604 268.914 271.554 275.122 276.900 270.756 267.731 261.774 266.310 271.718 268.753 266.971 268.827 271.191 275.129 275.230 274.948 271.602 266.873 264.913 -999.000 -999.000 -999.000 -999.000
-999.000 264.756 265.679 268.385 268.309 270.079 268.197 266.117 266.318 269.614 273.988 273.875 268.021 267.210 269.651 273.339 278.620 275.319 269.068 268.580 267.956 270.069 271.522 274.752 277.206 275.047 271.125 278.852 278.966 285.117 282.039 277.115 272.733 268.876 272.593 277.642 281.307 284.456 285.066 279.140 275.597 271.459 266.407 267.346 270.543 274.343 279.119 271.307 264.310 263.097 268.815 274.488 265.897 268.629 267.869 270.955 274.359 275.025 276.053 272.741 266.225 266.185 -999.000 -999.000 -999.000 -999.000
-999.000 263.989 267.079 268.386 271.324 272.750 269.224 265.444 267.374 270.247 270.780 276.461 270.198 268.531 273.825 274.840 278.833 274.397 270.569 267.778 263.113 267.831 269.737 272.999 272.393 269.211 270.381 271.584 275.701 281.314 285.288 280.646 275.807 271.477 268.145 274.212 278.566 282.598 286.511 286.076 280.137 275.809 270.903 273.573 275.020 277.223 280.307 273.814 264.545 263.965 269.419 275.894 271.558 272.595 270.069 269.331 273.248 276.951 277.526 278.303 272.592 267.369 -999.000 -999.000 -999.000 -999.000
-999.000 267.859 269.704 270.091 272.748 276.119 269.587 265.318 268.529 273.049 274.815 279.571 271.145 268.277 272.311 275.400 280.136 274.692 271.626 268.285 265.198 261.683 265.534 265.811 263.945 264.746 266.175 272.298 273.934 277.485 283.507 284.161 279.150 275.477 270.979 271.632 275.330 277.911 281.211 285.581 286.729 279.735 275.883 279.099 280.710 280.651 278.060 275.400 268.533 265.983 268.411 272.463 277.539 272.587 269.328 269.266 272.803 275.681 279.066 280.188 277.571 272.043 264.489 -999.000 -999.000 -999.000
-999.000 265.826 266.228 268.583 270.051 278.395 272.397 267.779 268.725 271.368 273.522 279.271 276.711 270.304 271.339 277.389 277.183 273.326 268.820 268.367 269.512 266.196 263.105 267.036 267.273 268.993 269.979 273.790 277.125 280.874 283.284 286.602 283.282 277.900 274.338 270.983 272.921 274.979 278.892 283.744 286.783 283.270 279.981 281.818 279.912 272.270 272.939 273.294 271.877 269.668 266.070 271.927 277.824 272.523 265.531 269.531 269.877 271.756 273.338 278.386 280.827 275.476 269.058 267.512 -999.000 -999.000
-999.000 -999.000 263.180 264.810 272.051 280.551 278.970 275.559 269.221 269.012 273.043 278.054 281.669 280.262 280.469 280.189 277.142 270.336 268.586 270.721 275.201 271.478 264.366 268.243 271.306 272.634 273.356 277.907 281.574 277.158 279.396 283.945 286.673 281.236 277.405 274.058 270.110 273.265 277.163 283.031 287.589 285.879 281.324 278.464 275.757 277.050 273.561 267.713 265.910 265.872 267.674 272.032 277.391 271.971 267.831 269.273 267.639 270.786 275.165 280.659 283.151 278.109 274.266 270.711 -999.000 -999.000
-999.000 -999.000 264.957 268.669 273.483 280.109 283.544 275.602 269.418 270.064 271.532 275.293 279.210 278.521 279.934 283.856 278.162 271.924 271.202 274.548 275.885 267.825 264.502 267.274 269.411 271.755 273.758 273.471 271.743 273.709 280.702 281.702 286.844 286.438 280.343 276.839 275.817 272.451 276.348 282.478 287.290 286.878 281.992 272.570 269.598 269.616 272.368 272.206 268.945 264.051 265.522 272.597 277.894 276.228 275.463 272.086 270.060 270.013 275.043 280.483 284.056 279.185 271.726 264.927 -999.000 -999.000
-999.000 -999.000 267.797 271.155 272.933 273.066 280.899 280.219 275.329 271.201 270.879 274.800 271.867 272.843 278.172 281.213 283.228 278.206 279.068 278.845 269.895 268.831 269.770 269.600 268.069 267.124 268.401 271.713 266.180 274.524 272.863 276.115 282.146 287.311 286.221 280.966 277.740 273.159 276.189 281.877 287.694 287.752 280.269 278.864 274.852 273.276 272.387 271.051 265.763 264.245 271.008 275.065 278.965 271.139 268.135 266.176 266.652 269.346 273.711 279.671 284.083 280.717 273.826 264.950 -999.000 -999.000
-999.000 265.928 270.086 270.427 269.236 272.698 277.988 284.626 276.809 269.901 267.984 270.808 268.793 273.117 274.027 278.917 283.867 279.077 277.358 277.940 273.737 268.756 269.585 275.247 273.921 276.108 276.329 271.971 268.381 270.542 267.233 272.824 281.623 282.612 287.482 287.058 282.110 277.945 276.665 283.033 287.650 286.945 283.601 281.650 282.695 280.043 276.688 273.790 271.930 268.542 271.332 275.868 278.827 269.770 271.830 267.082 268.311 272.723 277.562 279.925 285.143 280.699 273.351 267.194 -999.000 -999.000
-999.000 -999.000 269.140 268.279 270.487 274.237 276.378 284.885 277.421 275.967 272.146 270.027 272.512 268.949 273.714 279.190 284.802 280.139 276.727 278.344 270.982 266.303 267.986 270.219 273.762 273.618 275.995 278.176 270.648 264.812 271.210 275.733 272.428 275.433 281.397 286.705 287.740 283.242 279.769 282.753 287.179 284.160 276.794 275.734 277.153 277.606 278.305 274.473 275.393 270.945 272.093 275.988 280.512 274.272 267.647 264.672 269.824 273.680 277.220 284.749 283.503 278.382 273.965 265.130 -999.000 -999.000
-999.000 -999.000 270.100 270.440 270.701 272.400 275.665 283.439 285.722 283.151 277.072 278.683 270.492 275.112 279.228 281.218 284.676 276.631 276.007 271.326 274.337 269.457 270.742 269.206 267.703 270.504 275.317 279.257 272.940 264.546 268.777 268.278 270.817 276.088 274.309 282.990 286.136 287.903 287.878 288.018 288.003 280.474 278.637 270.366 271.884 271.489 275.954 272.087 270.210 269.813 271.670 275.298 281.419 276.572 271.367 267.770 269.497 271.355 279.528 285.184 283.777 275.745 274.270 267.218 266.557 -999.000
-999.000 -999.000 268.049 272.267 277.638 277.062 281.869 276.606 278.763 283.439 285.596 278.760 274.903 278.755 283.066 285.382 280.189 275.813 271.573 270.825 265.614 271.148 274.407 276.926 274.756 273.693 279.835 275.928 268.557 268.099 265.235 268.644 271.309 272.420 270.765 276.878 283.091 281.494 286.684 288.168 288.212 279.805 277.062 272.902 268.499 271.967 273.201 271.819 267.836 266.657 270.655 276.924 280.766 272.408 271.718 268.876 273.213 277.011 280.742 286.861 280.936 279.240 277.647 272.941 269.051 265.771
-999.000 -999.000 270.131 273.185 277.216 278.070 275.408 269.661 272.352 278.961 281.040 286.789 283.104 286.801 284.252 281.662 281.664 275.180 269.906 268.378 267.336 270.433 274.934 277.930 280.135 281.589 281.770 276.122 272.432 272.858 272.234 267.077 269.040 269.444 273.309 280.684 278.208 276.560 282.470 288.150 288.299 282.021 273.082 268.988 266.092 269.029 265.330 266.789 262.490 268.338 271.764 277.867 278.130 273.670 269.431 270.864 273.256 275.482 280.993 287.007 280.856 274.588 274.499 276.619 270.860 266.474
-999.000 -999.000 268.054 269.731 271.559 271.745 270.878 270.158 273.438 272.000 277.977 282.285 287.507 284.100 277.782 280.187 273.159 277.044 273.478 271.280 271.693 267.790 270.817 269.352 275.607 274.528 279.305 281.770 279.523 278.797 274.409 268.549 270.867 273.585 280.035 280.845 274.681 273.709 280.688 285.888 288.362 284.715 276.212 269.813 271.474 270.582 272.733 267.830 267.499 271.539 275.004 279.992 280.482 276.000 270.748 269.993 271.313 277.947 287.147 286.728 280.696 275.844 269.140 272.554 272.826 -999.000
-999.000 268.184 270.044 267.728 269.412 268.137 269.781 271.557 267.946 271.995 273.772 280.901 287.714 283.711 281.066 274.251 276.097 272.825 269.836 273.315 274.985 269.681 268.603 269.633 270.908 272.814 278.020 282.059 275.730 269.895 267.825 269.688 275.385 273.975 275.868 276.235 268.172 275.727 280.316 285.251 288.394 286.666 279.493 275.194 278.945 274.706 272.101 266.886 267.893 272.780 276.507 279.792 279.441 272.126 270.415 271.289 276.465 281.212 287.513 282.586 278.216 278.989 276.521 271.570 270.183 269.538
-999.000 269.724 272.570 273.346 273.543 273.573 273.214 275.679 272.800 271.742 277.269 282.466 287.825 279.486 277.624 274.922 271.651 270.610 269.560 274.560 275.656 274.356 274.972 271.268 269.803 272.225 278.239 282.701 276.172 271.893 267.435 266.919 266.671 270.764 273.422 270.665 271.071 279.689 277.818 282.999 288.160 288.547 281.771 280.875 274.283 272.221 272.550 270.378 267.023 268.208 274.811 279.908 280.001 274.064 265.995 269.436 276.883 285.636 286.926 281.593 279.446 274.414 277.655 271.483 267.876 -999.000
269.801 272.349 274.718 277.565 278.935 279.896 279.795 280.680 277.188 276.333 280.793 285.143 287.918 277.966 275.411 275.666 274.127 273.316 273.168 271.479 275.014 276.885 280.009 277.317 272.432 272.345 277.756 283.053 279.165 274.082 268.399 270.510 272.680 267.920 270.609 270.876 272.628 275.204 275.043 281.424 286.783 288.581 285.686 277.703 275.655 277.634 273.256 269.390 266.279 271.287 275.998 282.556 277.187 271.365 269.320 273.382 282.053 287.686 285.697 279.047 276.842 273.906 273.681 275.447 267.648 -999.000
270.594 273.656 275.445 272.311 271.951 273.577 275.460 281.117 283.618 283.770 285.471 284.342 287.828 283.986 279.452 280.919 275.327 274.190 276.001 270.783 273.956 270.804 275.201 279.996 282.197 278.393 279.249 282.509 275.004 269.109 271.074 273.124 273.415 267.869 268.476 269.915 269.962 268.812 271.445 277.628 284.724 288.622 287.392 282.307 279.524 272.879 268.294 266.237 269.478 274.770 278.098 283.335 278.052 272.718 273.979 282.247 287.215 287.817 281.231 276.563 273.508 274.308 272.561 273.556 -999.000 -999.000
