tests/2D_interpolations/2009-01-19T12.00_HNW_ref.asc
ncols               386
nrows               229
xllcorner    479497.492
yllcorner     73502.967
cellsize       1000.000
NODATA_value -999
[rows 132 to 164 of 229, columns 219 to 291 of 386]
0.135 0.115 0.107 0.114 0.107 0.112 0.115 0.119 0.129 0.103 0.117 0.130 0.178 0.167 0.196 0.187 0.180 0.161 0.137 0.108 0.162 0.196 0.200 0.202 0.194 0.191 0.142 0.129 0.121 0.100 0.104 0.118 0.138 0.124 0.094 0.114 0.140 0.145 0.176 0.196 0.184 0.177 0.162 0.128 0.137 0.149 0.148 0.169 0.173 0.147 0.136 0.151 0.140 0.149 0.115 0.096 0.126 0.145 0.158 0.138 0.138 0.129 0.109 0.090 0.071 0.068 0.072 0.075 0.078 0.089 0.095 0.116 0.122
0.129 0.118 0.139 0.140 0.134 0.146 0.143 0.144 0.136 0.112 0.132 0.129 0.176 0.203 0.215 0.211 0.183 0.166 0.152 0.116 0.135 0.187 0.198 0.211 0.195 0.165 0.159 0.141 0.121 0.100 0.140 0.148 0.161 0.146 0.110 0.086 0.131 0.177 0.187 0.182 0.185 0.176 0.141 0.112 0.168 0.169 0.192 0.189 0.180 0.173 0.168 0.171 0.160 0.136 0.124 0.068 0.108 0.150 0.167 0.175 0.161 0.139 0.126 0.108 0.087 0.087 0.105 0.119 0.109 0.133 0.132 0.142 0.143
0.159 0.166 0.146 0.128 0.158 0.171 0.176 0.162 0.141 0.110 0.145 0.160 0.192 0.181 0.197 0.190 0.193 0.194 0.172 0.125 0.129 0.176 0.186 0.199 0.183 0.178 0.156 0.134 0.106 0.143 0.140 0.156 0.184 0.167 0.137 0.105 0.140 0.168 0.192 0.198 0.196 0.171 0.130 0.159 0.193 0.179 0.210 0.200 0.192 0.203 0.185 0.168 0.141 0.118 0.099 0.079 0.114 0.146 0.175 0.181 0.178 0.151 0.136 0.120 0.098 0.079 0.124 0.135 0.142 0.154 0.147 0.148 0.166
0.173 0.177 0.169 0.131 0.168 0.191 0.191 0.173 0.151 0.113 0.152 0.149 0.192 0.201 0.220 0.221 0.209 0.206 0.193 0.185 0.147 0.195 0.185 0.204 0.183 0.141 0.142 0.121 0.133 0.152 0.192 0.203 0.191 0.171 0.140 0.109 0.153 0.191 0.208 0.192 0.192 0.168 0.133 0.179 0.189 0.217 0.218 0.208 0.201 0.192 0.171 0.145 0.130 0.101 0.076 0.086 0.119 0.147 0.191 0.186 0.189 0.173 0.146 0.129 0.111 0.096 0.127 0.153 0.180 0.191 0.179 0.200 0.172
0.175 0.189 0.183 0.179 0.180 0.208 0.179 0.175 0.138 0.119 0.166 0.189 0.203 0.219 0.192 0.222 0.212 0.198 0.205 0.193 0.196 0.201 0.198 0.193 0.177 0.145 0.147 0.133 0.158 0.194 0.189 0.215 0.179 0.178 0.131 0.100 0.140 0.186 0.199 0.198 0.192 0.168 0.134 0.195 0.181 0.220 0.207 0.198 0.191 0.183 0.148 0.133 0.111 0.091 0.075 0.100 0.143 0.171 0.195 0.184 0.203 0.187 0.165 0.136 0.116 0.094 0.108 0.143 0.166 0.202 0.196 0.226 0.187
0.196 0.199 0.189 0.192 0.202 0.193 0.193 0.171 0.122 0.158 0.178 0.194 0.206 0.234 0.216 0.224 0.225 0.214 0.226 0.195 0.201 0.201 0.195 0.196 0.190 0.171 0.151 0.129 0.174 0.205 0.184 0.212 0.189 0.162 0.123 0.106 0.143 0.189 0.179 0.204 0.190 0.168 0.135 0.186 0.182 0.235 0.216 0.198 0.190 0.173 0.158 0.121 0.116 0.091 0.082 0.109 0.156 0.181 0.216 0.199 0.210 0.169 0.161 0.138 0.114 0.096 0.093 0.136 0.171 0.209 0.166 0.231 0.191
0.177 0.190 0.200 0.196 0.205 0.207 0.185 0.131 0.149 0.145 0.175 0.215 0.231 0.244 0.209 0.225 0.208 0.216 0.225 0.221 0.210 0.204 0.206 0.200 0.201 0.188 0.162 0.129 0.179 0.207 0.197 0.206 0.174 0.136 0.103 0.121 0.157 0.195 0.207 0.201 0.192 0.172 0.138 0.192 0.199 0.208 0.208 0.197 0.192 0.185 0.176 0.147 0.123 0.078 0.081 0.117 0.165 0.187 0.207 0.188 0.202 0.187 0.144 0.126 0.118 0.103 0.095 0.120 0.141 0.186 0.199 0.224 0.218
0.190 0.206 0.213 0.206 0.201 0.195 0.175 0.138 0.148 0.130 0.187 0.202 0.216 0.222 0.223 0.221 0.206 0.206 0.208 0.200 0.200 0.199 0.203 0.206 0.196 0.183 0.143 0.185 0.199 0.203 0.212 0.186 0.148 0.114 0.122 0.125 0.165 0.181 0.211 0.195 0.194 0.172 0.148 0.190 0.204 0.214 0.216 0.193 0.187 0.187 0.162 0.161 0.116 0.078 0.088 0.147 0.178 0.205 0.211 0.204 0.205 0.185 0.167 0.147 0.129 0.113 0.093 0.099 0.138 0.160 0.184 0.190 0.179
0.187 0.214 0.216 0.193 0.205 0.199 0.179 0.184 0.165 0.186 0.186 0.195 0.218 0.232 0.203 0.192 0.189 0.168 0.197 0.197 0.191 0.195 0.209 0.198 0.224 0.205 0.194 0.197 0.211 0.206 0.190 0.169 0.126 0.137 0.152 0.146 0.144 0.176 0.208 0.192 0.193 0.185 0.149 0.203 0.210 0.221 0.201 0.195 0.188 0.182 0.183 0.162 0.130 0.087 0.101 0.148 0.167 0.189 0.213 0.187 0.205 0.184 0.180 0.165 0.140 0.109 0.102 0.099 0.115 0.142 0.145 0.148 0.195
0.195 0.227 0.195 0.208 0.189 0.183 0.182 0.197 0.190 0.188 0.192 0.196 0.211 0.220 0.184 0.184 0.130 0.174 0.192 0.180 0.179 0.186 0.197 0.219 0.203 0.215 0.220 0.213 0.198 0.196 0.180 0.129 0.169 0.175 0.173 0.167 0.133 0.170 0.213 0.213 0.212 0.197 0.183 0.181 0.207 0.211 0.212 0.195 0.179 0.163 0.167 0.153 0.142 0.086 0.123 0.150 0.182 0.203 0.203 0.207 0.217 0.193 0.185 0.170 0.138 0.121 0.131 0.117 0.096 0.115 0.139 0.152 0.173
0.189 0.236 0.213 0.214 0.188 0.182 0.187 0.205 0.190 0.224 0.195 0.196 0.201 0.191 0.190 0.170 0.114 0.147 0.168 0.169 0.141 0.176 0.207 0.219 0.215 0.198 0.201 0.173 0.197 0.196 0.143 0.175 0.185 0.188 0.187 0.173 0.146 0.201 0.199 0.201 0.205 0.203 0.214 0.213 0.215 0.175 0.182 0.158 0.142 0.122 0.137 0.148 0.132 0.109 0.105 0.137 0.176 0.194 0.214 0.205 0.210 0.196 0.191 0.170 0.135 0.141 0.153 0.142 0.110 0.119 0.140 0.175 0.187
0.195 0.209 0.183 0.179 0.176 0.180 0.184 0.214 0.207 0.233 0.201 0.190 0.188 0.188 0.161 0.147 0.104 0.124 0.144 0.139 0.131 0.172 0.208 0.182 0.232 0.197 0.209 0.201 0.183 0.189 0.179 0.201 0.196 0.190 0.189 0.146 0.183 0.199 0.202 0.210 0.203 0.197 0.194 0.187 0.193 0.178 0.170 0.129 0.113 0.111 0.115 0.112 0.119 0.140 0.124 0.130 0.166 0.191 0.208 0.206 0.211 0.195 0.184 0.169 0.148 0.174 0.164 0.156 0.129 0.123 0.147 0.173 0.207
0.221 0.223 0.212 0.200 0.184 0.178 0.187 0.204 0.193 0.208 0.199 0.194 0.179 0.135 0.136 0.128 0.098 0.119 0.126 0.130 0.169 0.190 0.199 0.197 0.211 0.203 0.191 0.184 0.148 0.187 0.193 0.215 0.191 0.206 0.199 0.191 0.193 0.190 0.196 0.197 0.191 0.189 0.172 0.172 0.154 0.136 0.123 0.119 0.127 0.150 0.149 0.138 0.150 0.148 0.108 0.123 0.171 0.185 0.202 0.208 0.202 0.195 0.181 0.147 0.186 0.171 0.199 0.169 0.122 0.117 0.163 0.190 0.204
0.176 0.191 0.185 0.199 0.174 0.178 0.175 0.191 0.200 0.213 0.200 0.186 0.167 0.137 0.115 0.113 0.097 0.141 0.147 0.160 0.171 0.207 0.213 0.201 0.216 0.190 0.191 0.191 0.193 0.199 0.201 0.215 0.220 0.216 0.196 0.183 0.191 0.183 0.182 0.167 0.162 0.161 0.157 0.129 0.121 0.116 0.123 0.144 0.168 0.168 0.177 0.182 0.170 0.162 0.113 0.130 0.171 0.204 0.214 0.197 0.205 0.201 0.181 0.187 0.200 0.200 0.211 0.168 0.136 0.126 0.155 0.188 0.214
0.193 0.194 0.200 0.191 0.177 0.179 0.144 0.146 0.172 0.173 0.172 0.166 0.158 0.148 0.135 0.144 0.093 0.116 0.133 0.173 0.180 0.215 0.223 0.195 0.221 0.202 0.218 0.205 0.199 0.210 0.218 0.221 0.232 0.191 0.201 0.187 0.180 0.163 0.137 0.129 0.125 0.121 0.121 0.126 0.132 0.143 0.139 0.165 0.191 0.179 0.194 0.195 0.178 0.162 0.116 0.157 0.177 0.196 0.213 0.208 0.208 0.196 0.178 0.201 0.221 0.164 0.204 0.178 0.152 0.121 0.159 0.190 0.199
0.185 0.195 0.199 0.196 0.193 0.182 0.167 0.164 0.140 0.167 0.168 0.164 0.152 0.131 0.120 0.126 0.089 0.087 0.144 0.139 0.183 0.193 0.205 0.202 0.230 0.210 0.219 0.195 0.212 0.211 0.213 0.222 0.212 0.178 0.180 0.167 0.132 0.129 0.134 0.149 0.126 0.160 0.173 0.152 0.174 0.155 0.140 0.176 0.198 0.182 0.210 0.199 0.184 0.176 0.113 0.153 0.178 0.189 0.200 0.201 0.219 0.202 0.203 0.216 0.190 0.218 0.200 0.175 0.129 0.129 0.150 0.182 0.196
0.164 0.176 0.198 0.196 0.198 0.193 0.187 0.180 0.141 0.134 0.147 0.143 0.127 0.115 0.086 0.075 0.070 0.089 0.128 0.161 0.194 0.208 0.223 0.217 0.239 0.214 0.228 0.228 0.214 0.214 0.194 0.219 0.191 0.190 0.137 0.128 0.144 0.168 0.175 0.170 0.140 0.167 0.180 0.193 0.194 0.169 0.147 0.187 0.201 0.217 0.221 0.202 0.194 0.173 0.132 0.117 0.168 0.182 0.200 0.187 0.204 0.196 0.223 0.214 0.198 0.206 0.187 0.145 0.145 0.124 0.142 0.180 0.195
0.138 0.176 0.169 0.185 0.182 0.181 0.171 0.174 0.172 0.168 0.126 0.113 0.114 0.110 0.110 0.103 0.072 0.085 0.117 0.148 0.187 0.195 0.219 0.220 0.251 0.205 0.232 0.234 0.217 0.224 0.208 0.194 0.140 0.142 0.162 0.169 0.164 0.198 0.194 0.177 0.186 0.194 0.191 0.207 0.202 0.186 0.182 0.189 0.204 0.216 0.211 0.198 0.195 0.149 0.165 0.150 0.132 0.140 0.189 0.209 0.218 0.212 0.204 0.200 0.203 0.196 0.187 0.172 0.165 0.136 0.145 0.168 0.188
0.112 0.131 0.161 0.171 0.168 0.177 0.177 0.182 0.176 0.164 0.167 0.143 0.143 0.146 0.134 0.119 0.079 0.074 0.125 0.139 0.170 0.197 0.217 0.213 0.255 0.224 0.221 0.207 0.202 0.180 0.185 0.141 0.182 0.173 0.173 0.182 0.196 0.182 0.201 0.197 0.195 0.201 0.196 0.213 0.204 0.199 -999.000 -999.000 -999.000 -999.000 0.214 0.200 0.195 0.190 0.178 -999.000 -999.000 0.134 0.149 0.193 0.206 0.230 0.226 0.235 0.220 0.202 0.198 0.186 0.181 0.166 0.134 0.171 0.197
0.083 0.108 0.134 0.114 0.128 0.130 0.139 0.159 0.173 0.178 0.174 0.169 0.166 0.155 0.145 0.122 0.086 0.060 0.088 0.120 0.134 0.183 0.195 0.235 0.213 0.254 0.245 0.230 0.225 0.211 0.148 0.198 0.173 0.187 0.183 0.185 0.177 0.204 0.218 0.208 0.182 0.210 0.189 -999.000 -999.000 -999.000 -999.000 -999.000 -999.000 -999.000 0.204 0.197 0.200 0.187 -999.000 -999.000 -999.000 0.141 0.180 0.190 0.205 0.197 0.218 0.219 0.211 0.200 0.220 0.182 0.191 0.172 0.134 0.168 0.191
0.085 0.084 0.078 0.082 0.092 0.095 0.105 0.128 0.141 0.163 0.182 0.174 0.173 0.138 0.129 0.103 0.075 0.061 0.086 0.110 0.110 0.185 0.201 0.235 0.207 0.245 0.233 0.211 0.222 0.212 0.212 0.188 0.204 0.190 0.176 0.178 0.178 0.205 0.208 0.194 0.212 0.214 0.209 -999.000 -999.000 -999.000 -999.000 -999.000 -999.000 -999.000 -999.000 0.192 0.207 0.208 -999.000 -999.000 -999.000 0.164 0.148 0.181 0.199 0.212 0.210 0.237 0.204 0.219 0.229 0.208 0.207 0.183 0.140 0.171 0.181
0.121 0.093 0.081 0.094 0.060 0.062 0.084 0.094 0.108 0.124 0.158 0.174 0.160 0.127 0.086 0.070 0.055 0.060 0.091 0.140 0.173 0.177 0.187 0.221 0.200 0.226 0.222 0.223 0.233 0.192 0.201 0.218 0.210 0.191 0.146 0.164 0.175 0.199 0.183 0.218 0.205 0.223 0.214 -999.000 -999.000 -999.000 -999.000 -999.000 -999.000 -999.000 -999.000 -999.000 0.213 0.213 -999.000 -999.000 -999.000 0.168 0.145 0.174 0.189 0.190 0.206 0.222 0.227 0.245 0.242 0.210 0.210 0.190 0.163 0.143 0.174
0.144 0.112 0.108 0.102 0.091 0.068 0.057 0.072 0.096 0.123 0.159 0.162 0.140 0.119 0.095 0.061 0.046 0.064 0.117 0.156 0.183 0.192 0.194 0.188 0.197 0.204 0.223 0.218 0.222 0.236 0.222 0.204 0.202 0.181 0.166 0.137 0.140 0.179 0.189 0.209 0.211 0.213 0.217 -999.000 -999.000 -999.000 -999.000 -999.000 -999.000 -999.000 -999.000 -999.000 -999.000 -999.000 -999.000 -999.000 -999.000 0.170 0.139 0.162 0.186 0.186 0.191 0.196 0.211 0.192 0.220 0.213 0.210 0.194 0.183 0.151 0.146
0.173 0.144 0.145 0.112 0.113 0.113 0.085 0.053 0.085 0.122 0.151 0.152 0.132 0.111 0.089 0.066 0.045 0.069 0.133 0.153 0.204 0.194 0.191 0.174 0.143 0.173 0.202 0.228 0.211 0.210 0.211 0.191 0.201 0.192 0.170 0.132 0.132 0.148 0.195 0.197 0.217 0.211 -999.000 -999.000 -999.000 -999.000 -999.000 -999.000 -999.000 -999.000 -999.000 -999.000 -999.000 -999.000 -999.000 -999.000 -999.000 0.172 0.142 0.173 0.195 0.190 0.187 0.196 0.199 0.214 0.221 0.218 0.222 0.198 0.182 0.174 0.176
0.176 0.168 0.143 0.124 0.133 0.116 0.109 0.094 0.059 0.101 0.143 0.153 0.143 0.123 0.092 0.071 0.047 0.060 0.116 0.160 0.190 0.186 0.193 0.169 0.131 0.117 0.173 0.217 0.191 0.198 0.198 0.193 0.197 0.190 0.168 0.133 0.132 0.134 0.180 0.195 0.205 -999.000 -999.000 -999.000 -999.000 -999.000 -999.000 -999.000 -999.000 -999.000 -999.000 -999.000 -999.000 -999.000 -999.000 -999.000 -999.000 0.173 0.150 0.187 0.204 0.214 0.181 0.192 0.195 0.204 0.215 0.205 0.195 0.211 0.185 0.185 0.190
0.204 0.179 0.133 0.114 0.130 0.137 0.100 0.099 0.050 0.074 0.113 0.147 0.147 0.150 0.109 0.080 0.056 0.051 0.098 0.126 0.165 0.166 0.169 0.154 0.137 0.099 0.163 0.193 0.204 0.198 0.137 0.148 0.191 0.178 0.174 0.139 0.134 0.126 0.159 0.168 0.207 -999.000 -999.000 -999.000 -999.000 -999.000 -999.000 -999.000 -999.000 -999.000 -999.000 -999.000 -999.000 -999.000 -999.000 -999.000 -999.000 0.177 0.148 0.179 0.198 0.213 0.195 0.200 0.192 0.191 0.212 0.207 0.216 0.208 0.188 0.195 0.200
0.213 0.193 0.182 0.179 0.176 0.172 0.147 0.124 0.080 0.048 0.085 0.123 0.154 0.141 0.135 0.101 0.070 0.039 0.043 0.090 0.124 0.146 0.142 0.131 0.114 0.090 0.141 0.178 0.198 0.190 0.126 0.160 0.182 0.184 0.171 0.147 0.118 0.114 0.108 0.163 0.183 -999.000 -999.000 -999.000 -999.000 -999.000 -999.000 -999.000 -999.000 -999.000 -999.000 -999.000 -999.000 -999.000 -999.000 -999.000 -999.000 0.185 0.193 0.195 0.215 0.204 0.206 0.209 0.198 0.199 0.213 0.223 0.192 0.209 0.206 0.201 0.206
0.183 0.206 0.192 0.170 0.177 0.164 0.161 0.137 0.109 0.062 0.056 0.096 0.125 0.151 0.150 0.126 0.106 0.080 0.046 0.038 0.093 0.123 0.098 0.086 0.087 0.107 0.128 0.180 0.193 0.186 0.162 0.113 0.165 0.181 0.181 0.168 0.128 0.102 0.093 0.114 0.166 0.182 -999.000 -999.000 -999.000 -999.000 -999.000 -999.000 -999.000 -999.000 -999.000 -999.000 -999.000 -999.000 -999.000 -999.000 -999.000 0.199 0.194 0.194 0.207 0.204 0.209 0.209 0.210 0.210 0.215 0.233 0.205 0.212 0.203 0.195 0.196
0.204 0.195 0.216 0.196 0.192 0.167 0.138 0.112 0.082 0.063 0.037 0.063 0.105 0.133 0.146 0.150 0.129 0.098 0.060 0.037 0.065 0.091 0.077 0.092 0.113 0.141 0.145 0.194 0.209 0.174 0.162 0.110 0.163 0.159 0.195 0.175 0.157 0.147 0.107 0.088 0.130 0.167 0.192 -999.000 -999.000 -999.000 -999.000 -999.000 -999.000 -999.000 -999.000 -999.000 -999.000 -999.000 -999.000 -999.000 -999.000 0.212 0.207 0.190 0.205 0.191 0.210 0.217 0.220 0.225 0.222 0.218 0.204 0.201 0.196 0.188 0.182
0.200 0.193 0.210 0.191 0.174 0.142 0.105 0.076 0.111 0.093 0.057 0.035 0.078 0.109 0.135 0.137 0.142 0.112 0.066 0.030 0.044 0.080 0.103 0.125 0.115 0.142 0.157 0.175 0.198 0.195 0.164 0.114 0.149 0.159 0.185 0.171 0.169 0.132 0.089 0.070 0.110 0.140 0.188 -999.000 -999.000 -999.000 -999.000 -999.000 -999.000 -999.000 -999.000 -999.000 -999.000 -999.000 -999.000 -999.000 -999.000 0.222 0.204 0.194 0.203 0.203 0.215 0.225 0.215 0.225 0.217 0.217 0.196 0.188 0.187 0.171 0.139
0.173 0.176 0.192 0.183 0.176 0.138 0.140 0.137 0.137 0.082 0.074 0.033 0.037 0.085 0.113 0.121 0.134 0.118 0.070 0.032 0.036 0.075 0.111 0.128 0.141 0.164 0.187 0.212 0.195 0.174 0.156 0.110 0.123 0.129 0.195 0.195 0.172 0.133 0.091 0.063 0.101 0.154 0.177 -999.000 -999.000 -999.000 -999.000 -999.000 -999.000 -999.000 -999.000 -999.000 -999.000 -999.000 -999.000 -999.000 -999.000 -999.000 0.207 0.203 0.204 0.204 0.204 0.233 0.227 0.219 0.223 0.221 0.205 0.194 0.177 0.157 0.116
0.179 0.192 0.181 0.160 0.143 0.142 0.169 0.137 0.130 0.136 0.117 0.069 0.029 0.038 0.079 0.105 0.118 0.118 0.074 0.029 0.029 0.088 0.099 0.131 0.144 0.150 0.167 0.171 0.176 0.189 0.132 0.101 0.140 0.162 0.170 0.178 0.164 0.144 0.097 0.062 0.089 0.143 0.171 -999.000 -999.000 -999.000 -999.000 -999.000 -999.000 -999.000 -999.000 -999.000 -999.000 -999.000 -999.000 -999.000 -999.000 0.217 0.220 0.204 0.210 0.216 0.231 0.225 0.223 0.244 0.225 0.195 0.198 0.169 0.163 0.151 0.114
0.181 0.182 0.127 0.137 0.119 0.117 0.157 0.161 0.183 0.139 0.132 0.073 0.065 0.027 0.031 0.070 0.104 0.114 0.065 0.029 0.035 0.061 0.077 0.069 0.091 0.117 0.141 0.179 0.175 0.167 0.125 0.102 0.139 0.201 0.198 0.192 0.167 0.113 0.095 0.054 0.089 0.147 0.188 -999.000 -999.000 -999.000 -999.000 -999.000 -999.000 -999.000 -999.000 -999.000 -999.000 -999.000 -999.000 -999.000 -999.000 -999.000 0.217 0.203 0.220 0.203 0.220 0.208 0.216 0.199 0.196 0.190 0.178 0.177 0.147 0.139 0.115
