tests/2D_interpolations/2009-01-19T12.00_TA_ref.asc
ncols               386
nrows               229
xllcorner    479497.492
yllcorner     73502.967
cellsize       1000.000
NODATA_value -999
[rows 87 to 115 of 229, columns 66 to 131 of 386]
282.610 281.789 281.128 281.463 282.267 283.202 283.284 282.938 283.063 282.053 281.855 281.753 280.091 279.732 279.667 282.252 283.127 283.105 283.650 284.366 283.501 280.686 282.813 284.123 283.387 284.939 285.599 285.588 284.695 285.058 285.510 288.793 289.269 289.272 289.275 289.278 289.281 288.656 288.233 288.383 289.085 289.187 289.192 289.202 289.200 288.545 288.697 288.358 288.562 288.568 288.841 288.852 288.747 288.604 288.212 288.313 288.195 288.389 287.916 288.295 288.602 288.694 288.686 288.635 288.584 288.575
282.492 281.800 281.803 282.636 283.274 282.826 282.613 282.501 281.965 282.182 281.275 280.194 280.388 281.311 281.710 282.605 283.798 284.504 285.004 285.377 282.200 281.313 283.181 283.753 284.579 285.774 285.793 285.593 285.523 287.339 289.268 289.271 289.274 289.277 289.280 289.283 288.658 288.222 288.389 289.052 289.150 289.173 289.194 289.202 289.163 288.631 288.484 288.110 287.950 288.559 288.469 288.457 288.356 288.202 288.080 288.169 288.309 288.194 287.933 288.291 288.367 288.629 288.666 288.619 288.552 288.513
282.392 283.409 283.007 283.941 283.053 282.683 282.041 281.450 282.387 282.233 280.423 281.225 281.741 282.217 284.493 285.703 286.204 286.188 285.811 285.144 281.309 283.029 284.364 284.974 286.150 286.992 287.504 287.787 288.899 289.263 289.273 289.276 289.279 289.283 289.286 289.285 288.695 288.984 289.138 288.792 289.158 289.164 289.187 289.192 289.070 289.017 288.807 288.277 288.469 288.412 288.434 288.436 288.459 288.227 287.916 287.977 287.913 287.723 288.060 288.302 288.302 288.486 288.552 288.520 288.458 288.493
283.354 283.566 283.755 283.661 282.295 282.094 281.187 282.099 282.555 280.302 280.288 281.657 284.054 285.265 285.812 286.143 286.189 286.028 285.601 283.567 282.407 284.130 284.957 286.652 287.944 288.932 289.157 289.268 289.271 289.275 289.278 289.281 289.285 289.288 289.274 289.037 289.199 289.037 289.085 289.166 289.152 289.154 289.159 289.148 288.909 288.628 288.665 288.682 288.524 288.435 288.440 288.339 288.270 288.154 287.994 287.879 287.630 287.934 288.201 288.249 288.388 288.564 288.548 288.422 288.398 288.222
284.283 283.474 283.614 282.762 282.064 281.511 282.601 282.991 281.419 279.741 281.691 283.548 285.082 285.651 285.935 286.073 286.174 285.973 285.223 282.113 283.650 286.264 287.249 289.047 289.231 289.237 289.258 289.273 289.276 289.280 289.283 289.287 289.290 289.287 288.918 289.198 289.044 289.195 289.190 289.163 289.138 289.149 289.061 288.939 288.284 288.612 288.576 288.512 288.562 288.446 288.421 288.183 287.993 287.803 287.473 287.987 287.953 288.109 288.126 288.371 288.523 288.523 288.541 288.404 288.366 288.022
282.483 282.618 282.124 281.569 281.465 282.718 283.107 281.724 280.116 280.748 282.441 284.547 285.524 285.908 286.248 286.256 285.803 284.969 283.055 282.296 286.844 287.099 288.903 289.215 289.247 289.244 289.227 287.989 289.219 289.285 289.288 289.093 288.892 287.937 289.186 288.806 289.148 289.190 289.171 289.161 289.135 289.128 289.124 288.372 288.431 288.189 288.464 287.919 288.129 288.470 288.426 288.404 288.373 288.232 287.847 288.191 288.020 288.135 288.269 288.408 288.531 288.482 288.388 288.336 288.111 287.353
282.318 282.235 281.152 280.874 282.390 283.301 283.016 280.327 280.097 281.345 284.579 285.409 285.793 286.026 286.451 286.086 284.455 282.061 282.135 285.958 287.723 287.747 289.129 289.223 289.215 289.092 287.944 288.895 289.062 289.010 288.723 288.384 288.033 289.181 289.196 289.026 289.212 289.201 289.197 289.174 289.071 289.125 288.450 288.339 288.175 287.755 287.409 286.719 287.235 287.733 288.140 287.496 287.720 288.311 288.411 288.418 288.062 287.977 288.206 288.481 288.477 288.342 288.191 288.298 287.681 287.322
282.525 280.625 280.712 282.155 283.387 283.263 280.470 279.761 281.352 283.742 285.075 285.604 285.975 286.199 286.572 284.419 282.052 283.395 285.905 287.548 288.462 289.201 288.804 289.232 289.179 287.929 288.751 289.024 289.129 288.440 287.775 288.216 289.115 289.200 288.844 289.224 289.219 289.213 289.221 288.773 288.632 289.044 288.388 288.306 287.306 287.278 286.124 286.544 286.936 287.136 287.457 286.905 287.210 287.558 287.940 288.169 288.307 288.478 288.419 288.463 288.448 288.140 287.606 287.861 287.210 287.161
280.895 281.659 283.171 283.450 283.084 280.792 280.043 280.540 282.860 284.774 285.378 285.688 285.905 286.122 285.791 284.106 285.122 286.643 288.031 289.022 289.207 288.964 289.057 289.243 289.249 289.228 289.230 289.174 288.673 288.359 288.233 288.618 289.197 288.988 288.901 289.229 289.227 289.222 288.633 288.633 289.102 288.090 287.774 287.385 287.275 286.438 285.827 286.449 286.508 286.926 286.961 286.908 287.080 287.582 287.840 287.886 288.189 288.316 288.423 288.277 287.982 288.117 287.338 287.732 287.827 286.696
281.928 283.394 283.472 283.360 281.495 280.392 280.618 282.045 283.651 285.361 285.582 285.739 285.664 285.743 286.538 286.754 287.260 288.375 289.258 289.266 289.270 289.243 289.276 289.278 289.254 289.254 289.250 289.243 289.119 288.823 288.845 289.049 289.231 289.251 289.260 289.243 289.239 289.129 288.518 289.036 289.047 287.701 286.684 285.820 285.721 285.834 286.033 286.455 287.066 287.449 287.210 286.860 287.394 287.734 287.718 287.993 288.113 287.997 287.955 287.497 287.290 287.024 286.499 287.874 287.464 287.085
283.460 283.487 283.406 282.028 281.029 281.223 281.580 282.745 284.682 285.727 285.587 285.949 286.645 286.991 287.486 288.441 289.166 289.263 289.266 289.270 289.274 289.277 289.281 289.285 289.284 289.268 289.264 289.269 289.260 289.258 289.255 289.220 289.196 289.271 289.271 289.268 289.239 288.622 288.740 289.031 288.323 287.926 286.987 286.670 286.562 286.495 287.005 287.425 287.417 287.423 287.636 287.660 287.839 287.984 288.137 288.058 288.161 287.616 287.281 285.804 286.561 286.891 286.777 287.360 286.378 285.968
283.466 283.452 282.470 281.537 281.774 282.259 283.981 285.472 285.701 286.743 287.342 287.593 288.163 288.422 288.986 289.259 289.263 289.266 289.270 289.274 289.278 289.281 289.285 289.289 289.293 289.273 289.280 289.280 289.284 289.289 289.295 289.281 289.282 289.281 289.281 289.282 289.145 288.712 288.313 288.091 289.043 287.826 287.568 288.364 287.667 287.132 287.313 287.256 287.226 287.335 287.543 287.880 287.918 287.873 287.951 288.642 288.319 287.923 286.938 286.875 286.336 286.299 285.779 286.671 285.188 285.949
283.445 283.449 282.124 282.006 280.979 282.897 285.698 286.238 286.981 287.685 288.235 288.986 289.248 289.255 289.258 289.262 289.266 289.270 289.274 289.277 289.281 289.285 289.289 289.293 289.287 289.287 289.288 289.297 289.302 289.308 289.313 289.299 289.288 289.284 289.284 289.245 288.920 288.363 288.480 288.031 289.022 288.108 288.517 288.366 287.462 287.567 287.600 288.288 287.631 287.749 287.889 287.871 287.884 288.003 288.509 288.310 288.652 288.195 287.729 287.318 286.399 284.897 285.106 287.657 285.376 285.299
283.239 282.812 281.131 283.674 285.631 286.032 286.164 287.488 288.060 288.612 289.038 289.246 289.254 289.258 289.262 289.266 289.270 289.273 289.277 289.281 289.285 289.289 289.293 289.298 289.270 289.264 289.299 289.258 289.059 289.315 289.303 289.306 289.296 289.285 289.265 289.229 288.873 288.743 288.662 288.600 287.951 289.014 288.427 288.867 288.328 288.507 288.071 288.290 288.466 288.574 288.449 288.910 288.705 288.179 288.843 288.480 288.238 288.082 288.313 287.823 287.050 286.401 286.408 286.746 285.363 285.817
284.881 283.654 285.258 287.300 286.391 284.360 287.203 288.017 288.637 288.740 289.165 289.233 289.257 289.261 289.265 289.269 289.273 289.277 289.281 289.285 289.289 289.293 289.298 289.261 289.246 288.995 288.122 287.394 288.072 289.266 289.316 289.310 289.305 289.292 289.013 288.809 289.105 288.820 288.763 288.974 288.273 288.327 288.064 287.759 288.680 288.250 288.703 288.895 288.540 288.903 288.655 288.211 288.229 288.155 288.132 288.180 288.176 288.192 288.272 287.987 288.151 287.499 286.918 287.482 286.564 285.476
285.019 285.072 285.936 283.654 280.707 284.408 287.529 288.490 288.829 288.565 289.192 289.256 289.260 289.264 289.268 289.272 289.276 289.280 289.284 289.289 289.293 289.272 289.068 288.864 288.738 288.707 288.477 288.855 289.330 289.334 289.339 289.314 289.292 289.206 288.762 288.461 288.771 288.615 288.320 288.927 287.909 287.285 286.676 287.195 287.175 287.282 287.832 287.709 287.599 288.406 288.177 288.230 288.233 288.244 288.148 288.541 287.890 287.962 287.920 286.992 286.955 287.853 288.201 287.881 286.541 286.017
283.192 281.548 280.586 279.855 281.890 285.604 287.614 288.580 288.542 289.000 289.255 289.259 289.263 289.267 289.271 289.276 289.280 289.284 289.288 289.292 289.241 288.955 288.626 288.360 288.246 288.999 289.325 289.329 289.334 289.339 289.344 289.307 289.160 288.367 288.167 288.591 288.649 288.716 288.445 288.929 287.876 287.358 287.028 287.665 288.041 288.153 288.108 287.965 287.993 287.983 288.122 288.153 288.224 288.323 288.672 288.440 288.235 288.222 288.223 287.602 286.698 286.563 286.698 288.200 286.911 286.095
279.008 279.113 279.443 282.294 284.606 286.927 287.985 288.741 288.849 289.254 289.258 289.262 289.266 289.270 289.275 289.279 289.283 289.287 289.291 288.706 288.699 288.428 287.967 287.842 288.813 289.324 289.329 289.334 289.339 289.344 289.182 288.695 288.210 288.113 288.200 288.278 288.755 288.522 288.369 288.901 288.346 287.797 287.452 287.902 287.700 287.693 287.519 287.410 287.790 287.998 288.086 287.426 287.839 288.152 288.342 288.684 288.476 288.323 288.187 288.196 288.069 287.827 287.438 288.111 287.261 286.193
279.456 280.417 283.729 285.467 286.880 287.660 288.934 289.248 289.253 289.257 289.261 289.265 289.269 289.273 289.278 289.282 289.286 289.290 288.777 288.376 288.338 288.212 288.297 289.261 289.323 289.328 289.333 289.338 289.343 289.184 289.112 288.274 288.123 287.973 288.035 288.262 288.262 288.486 288.480 288.312 288.031 287.729 287.493 287.678 287.330 287.479 287.258 287.104 287.223 288.036 287.689 287.251 288.011 287.564 287.064 287.571 288.315 288.707 288.636 288.110 287.935 288.129 287.878 287.181 287.906 287.421
281.419 284.292 285.731 286.899 287.715 288.417 289.247 289.251 289.255 289.259 289.264 289.268 289.272 289.276 289.281 289.285 289.288 288.921 288.792 288.587 288.629 288.727 289.268 289.302 289.327 289.332 289.337 289.343 289.223 288.974 288.897 288.213 287.979 287.869 287.866 288.305 288.369 288.367 288.561 288.819 287.983 287.965 287.603 287.319 287.374 287.519 287.381 287.220 287.871 287.196 287.169 287.596 287.498 287.656 286.178 285.592 287.741 288.582 288.721 288.718 288.020 288.159 288.142 287.790 287.781 287.509
284.269 285.837 287.084 287.883 288.758 289.246 289.250 289.254 289.258 289.262 289.266 289.270 289.275 289.279 289.284 289.288 289.072 288.641 288.491 288.597 289.028 289.266 289.264 289.289 289.314 289.332 289.296 289.055 289.145 288.839 288.215 287.859 288.225 288.100 287.915 288.319 288.262 288.440 288.242 288.805 287.889 287.940 287.485 287.461 287.692 287.288 287.325 287.384 287.736 286.906 286.301 287.412 287.054 286.707 286.348 286.899 287.519 288.243 288.724 288.709 288.703 288.289 288.238 287.989 287.692 287.416
285.589 286.793 287.634 288.569 289.244 289.248 289.252 289.256 289.260 289.265 289.269 289.273 289.278 289.276 289.264 289.073 288.729 288.471 288.452 288.633 289.255 289.257 289.264 289.279 289.283 289.253 289.192 289.107 288.772 288.190 287.731 287.942 288.341 288.366 288.382 288.011 288.286 288.798 288.641 288.683 288.729 288.235 288.060 288.411 288.019 287.893 287.147 287.537 286.935 287.145 287.416 287.329 287.005 285.360 285.255 285.482 285.279 286.692 288.540 288.668 288.699 288.675 288.492 288.012 288.010 287.028
286.648 287.266 288.025 289.242 289.246 289.250 289.254 289.258 289.263 289.267 289.271 289.276 289.280 289.129 288.892 288.724 288.828 288.696 288.678 288.992 289.252 289.260 289.251 289.277 289.256 288.728 288.839 289.053 288.128 288.080 287.788 288.026 287.804 288.082 287.964 287.865 288.287 288.193 288.040 288.039 287.914 288.315 288.136 287.831 288.240 288.147 288.243 287.765 287.675 287.095 287.078 286.701 286.147 286.065 285.179 285.108 285.108 285.465 287.344 288.631 288.509 288.688 288.678 288.277 287.984 287.256
286.431 287.744 288.903 289.244 289.248 289.252 289.257 289.261 289.265 289.269 289.274 289.278 289.057 288.702 288.710 288.680 288.650 288.930 289.192 289.222 289.256 289.255 289.248 289.206 289.019 288.618 288.891 288.316 288.441 288.374 287.982 287.689 287.694 287.232 287.877 288.256 288.199 288.198 287.852 287.510 287.462 287.827 287.703 287.789 288.111 287.289 286.956 287.011 287.406 287.158 286.788 286.637 286.777 286.114 285.530 284.281 284.927 285.747 287.683 288.557 285.717 288.304 288.686 288.609 288.051 287.782
287.152 287.972 289.242 289.246 289.250 289.255 289.259 289.263 289.267 289.272 289.276 288.956 288.783 288.672 288.639 288.824 289.064 289.186 289.210 289.226 289.223 289.234 289.186 288.932 288.487 288.024 288.131 287.720 287.692 287.888 287.887 287.344 287.335 287.692 288.360 288.082 288.097 287.844 287.708 287.572 287.371 287.421 287.698 287.334 287.471 287.178 286.875 286.611 287.405 286.499 285.728 285.787 285.088 285.342 286.326 285.509 285.112 285.780 288.253 288.620 285.700 286.114 288.679 288.654 288.379 287.709
288.923 289.236 289.244 289.248 289.252 289.257 289.261 289.265 289.270 289.274 288.956 288.756 288.624 288.588 288.670 289.044 289.161 289.183 289.205 289.214 289.217 289.119 288.694 288.354 287.478 288.599 288.077 287.793 287.893 287.952 287.969 287.164 287.148 287.869 288.304 287.989 287.763 287.396 287.150 287.321 287.621 287.735 286.916 286.968 287.380 286.761 286.005 285.953 287.351 287.569 286.882 285.960 285.332 284.544 284.870 285.243 285.542 286.040 288.354 288.556 285.817 285.990 287.320 288.671 288.586 287.720
289.238 289.242 289.246 289.250 289.254 289.259 289.263 289.267 289.272 288.962 288.739 288.716 288.590 288.619 288.879 289.153 289.158 289.173 289.186 289.175 289.031 288.467 288.001 287.887 288.029 288.002 287.648 287.545 287.734 287.277 287.217 287.879 287.967 288.371 287.846 287.753 287.397 287.003 287.116 286.789 287.218 287.242 286.832 286.611 287.173 286.646 286.468 287.233 286.687 285.899 286.275 285.814 285.713 285.932 285.169 284.335 284.729 285.274 288.156 288.589 286.091 285.527 286.321 288.658 288.639 287.951
289.240 289.244 289.248 289.252 289.256 289.260 289.265 289.266 288.884 288.764 288.758 288.673 288.590 289.040 289.141 289.146 289.154 289.209 289.168 289.068 288.659 287.917 287.421 287.255 288.438 287.518 287.783 287.477 287.204 286.804 287.117 288.162 287.978 287.934 287.874 287.711 287.456 286.953 286.991 286.758 287.237 287.111 286.652 286.758 285.819 286.735 286.845 286.400 286.391 285.939 286.015 286.106 286.180 285.994 285.852 283.665 283.718 284.543 287.494 288.575 287.891 285.709 287.074 288.501 288.648 288.361
289.241 289.246 289.250 289.254 289.258 289.262 289.206 288.148 288.482 288.666 288.733 288.775 289.026 289.104 289.129 289.130 289.130 289.133 288.958 288.654 288.402 288.187 288.147 288.284 287.648 287.531 287.397 287.134 287.019 287.663 288.211 287.832 287.810 287.937 287.665 287.102 287.301 287.069 287.135 286.422 286.903 286.896 286.844 286.598 285.979 286.134 287.156 285.796 285.667 287.181 286.498 285.571 285.947 285.300 284.797 285.521 284.957 285.174 287.205 288.518 288.570 287.765 287.656 288.045 288.625 288.252
