tests/2D_interpolations/2009-01-19T12.00_HNW_ref.asc
ncols               386
nrows               229
xllcorner    479497.492
yllcorner     73502.967
cellsize       1000.000
NODATA_value -999
[rows 132 to 164 of 229, columns 146 to 218 of 386]
2.718 2.737 2.757 2.774 2.786 2.810 2.830 2.849 2.875 2.813 2.666 2.276 1.933 1.060 0.711 1.054 0.629 0.772 0.562 0.731 1.153 0.561 0.638 0.645 1.034 1.011 1.206 1.735 1.926 1.946 0.697 0.041 1.952 2.615 1.804 1.498 2.595 1.843 1.519 0.592 0.743 0.123 0.000 0.025 0.231 0.503 0.000 0.000 0.000 0.000 0.000 0.000 0.000 0.000 0.000 0.147 0.778 0.000 0.078 0.359 0.631 0.753 1.506 1.202 0.308 0.076 0.000 0.000 0.000 0.000 0.000 0.043 0.651
2.712 2.731 2.751 2.773 2.794 2.575 2.809 2.836 2.860 2.459 2.376 1.751 1.015 0.664 0.727 0.611 0.262 0.288 0.525 0.644 0.553 0.604 1.031 0.842 1.175 1.417 1.630 1.627 1.361 1.276 1.135 0.392 2.165 2.266 1.171 1.076 2.022 2.447 2.242 1.480 1.032 0.546 0.000 0.000 0.000 0.000 0.000 0.000 0.000 0.000 0.443 0.293 0.000 0.000 0.000 0.040 0.356 0.916 0.469 1.136 1.507 1.733 1.774 1.160 0.467 0.000 0.000 0.000 0.099 0.083 0.400 0.185 0.585
2.705 2.725 2.668 2.767 2.558 2.024 2.695 2.816 2.182 1.627 1.459 0.872 0.964 0.988 0.692 0.569 0.675 0.807 0.238 0.709 1.050 0.965 1.274 1.476 1.417 1.403 1.679 1.230 0.000 0.760 0.373 0.813 1.841 2.054 0.717 0.492 1.167 1.509 2.213 2.155 1.692 0.604 0.313 0.000 0.000 0.000 0.000 0.000 0.000 0.000 0.000 0.416 0.600 0.000 0.000 0.132 0.518 0.805 1.455 1.335 1.101 0.732 1.290 0.590 0.049 0.018 0.310 0.331 0.064 0.269 0.185 0.791 1.092
2.629 2.417 2.348 2.275 1.294 2.081 2.378 2.794 2.360 1.314 0.753 1.204 1.477 1.308 1.168 1.181 1.109 1.034 1.072 1.251 1.059 1.580 1.707 1.694 1.456 1.179 0.830 0.326 0.000 0.000 0.000 0.749 1.237 1.834 0.402 0.000 0.269 1.173 1.709 2.009 1.968 1.148 0.000 0.000 0.000 0.000 0.000 0.000 0.000 0.000 0.000 0.000 0.193 0.859 0.740 0.717 1.164 1.110 0.579 0.401 0.186 0.563 1.370 0.509 0.269 0.532 0.241 0.000 0.000 0.531 0.810 0.939 0.349
2.090 2.084 1.752 1.001 1.586 2.067 1.554 2.531 2.704 2.196 1.686 2.024 2.063 1.999 2.018 2.152 1.478 1.595 1.806 1.758 1.559 1.909 1.951 1.965 1.652 0.087 0.000 0.000 0.000 0.000 0.057 0.473 1.032 1.616 1.336 0.505 0.000 0.435 0.639 0.865 1.951 0.930 0.000 0.033 0.000 0.000 0.000 0.000 0.000 0.000 0.000 0.000 0.227 0.588 0.527 0.526 0.193 0.000 0.000 0.000 0.187 0.817 1.310 1.038 0.846 0.350 0.000 0.000 0.000 0.198 0.118 0.295 0.158
1.630 1.763 1.033 1.218 1.897 1.412 0.941 1.331 2.103 2.757 2.684 2.765 2.714 2.721 2.601 2.558 2.587 2.408 2.253 1.944 2.075 2.200 2.201 2.113 0.935 0.000 0.000 0.000 0.000 0.000 0.000 0.000 0.344 0.450 0.374 1.022 0.080 0.000 0.215 0.801 1.834 0.996 0.266 0.178 0.000 0.000 0.000 0.000 0.000 0.000 0.000 0.000 0.261 0.000 0.000 0.000 0.000 0.000 0.000 0.190 0.507 1.271 1.301 1.081 1.149 0.934 0.102 0.000 0.000 0.011 0.000 0.048 0.194
1.158 0.993 0.770 1.395 1.756 0.904 0.888 0.811 1.194 2.015 2.526 1.859 1.483 1.610 1.874 1.673 1.679 2.277 2.577 2.482 2.368 2.480 2.397 1.878 1.237 0.413 0.000 0.000 0.000 0.000 0.000 0.000 0.000 0.143 0.762 0.581 0.000 0.000 0.298 0.297 1.524 1.295 0.010 0.284 0.000 0.000 0.000 0.000 0.000 0.000 0.000 0.000 0.000 0.000 0.000 0.000 0.000 0.229 0.486 0.696 1.159 1.227 0.844 0.315 0.232 0.514 0.934 0.000 0.000 0.000 0.164 0.000 0.391
1.344 0.545 0.987 1.155 1.329 0.432 0.377 0.803 1.436 2.086 2.123 1.368 0.571 0.749 1.077 1.293 1.706 2.137 2.360 2.476 2.531 2.231 1.026 0.460 0.814 0.838 0.000 0.000 0.000 0.000 0.000 0.000 0.000 0.217 0.533 0.187 0.000 0.000 0.325 1.038 1.151 1.264 0.904 0.785 0.025 0.000 0.000 0.000 0.000 0.000 0.000 0.000 0.000 0.000 0.000 0.055 0.329 0.631 1.171 1.238 0.932 1.000 0.281 0.000 0.000 0.000 0.522 0.489 0.000 0.000 0.000 0.000 0.329
0.751 1.149 0.503 0.980 1.150 0.142 0.328 0.817 1.646 1.945 2.275 1.799 1.232 0.560 0.813 1.226 1.542 1.845 1.937 1.901 1.723 2.117 0.675 0.000 0.000 0.000 0.000 0.000 0.000 0.000 0.000 0.000 0.324 0.484 0.240 0.000 0.000 0.161 0.430 0.515 0.838 1.567 0.800 0.000 0.000 0.000 0.000 0.000 0.000 0.000 0.000 0.000 0.000 0.000 0.116 0.723 1.110 1.217 0.961 0.423 0.676 0.700 0.000 0.000 0.000 0.000 0.000 0.438 0.024 0.000 0.000 0.000 0.232
0.579 0.961 0.765 0.000 0.227 0.130 0.793 1.012 0.887 1.787 2.537 1.845 1.540 0.183 0.591 1.077 1.328 1.441 1.323 1.149 0.329 1.452 1.309 0.156 0.000 0.000 0.000 0.000 0.000 0.000 0.000 0.000 0.000 0.000 0.000 0.000 0.000 0.000 0.009 0.000 0.151 0.870 1.246 0.225 0.000 0.000 0.000 0.000 0.000 0.000 0.000 0.000 0.290 0.125 0.534 1.087 0.989 0.466 0.234 0.037 0.834 0.562 0.000 0.000 0.000 0.000 0.000 0.191 0.132 0.000 0.000 0.000 0.022
0.590 0.501 0.143 0.000 0.000 0.000 0.861 0.207 0.888 1.431 2.499 1.742 1.337 0.164 0.655 1.049 1.018 0.849 0.484 0.000 0.000 1.319 1.441 1.162 0.313 0.000 0.000 0.000 0.000 0.000 0.000 0.000 0.000 0.000 0.000 0.000 0.000 0.000 0.204 0.281 0.265 0.653 1.015 0.576 0.000 0.000 0.055 0.037 0.000 0.000 0.066 0.423 0.663 0.801 0.696 1.075 0.442 0.067 0.000 0.000 0.762 0.000 0.232 0.000 0.000 0.000 0.068 0.196 0.000 0.000 0.000 0.000 0.000
0.451 0.305 0.498 0.000 0.000 0.389 0.308 0.197 0.921 1.278 2.426 1.505 1.061 0.549 0.728 0.700 0.430 0.000 0.000 0.000 0.000 0.469 0.960 0.592 0.315 0.000 0.000 0.000 0.000 0.000 0.084 0.000 0.000 0.000 0.000 0.000 0.000 0.000 0.000 0.000 0.000 0.065 0.898 0.821 0.000 0.000 0.196 0.000 0.000 0.000 0.352 0.109 0.021 0.086 0.335 0.911 0.034 0.000 0.000 0.183 0.538 0.000 0.000 0.000 0.000 0.000 0.000 0.000 0.000 0.000 0.000 0.000 0.000
1.153 0.886 0.601 0.207 0.000 0.184 0.000 0.027 0.412 1.015 2.442 1.277 1.110 1.029 0.782 0.406 0.000 0.000 0.000 0.000 0.000 0.154 0.208 0.000 0.000 0.000 0.000 0.000 0.000 0.000 0.000 0.207 0.273 0.334 0.169 0.546 0.574 0.583 0.068 0.000 0.445 0.804 0.793 0.717 0.000 0.692 0.931 0.490 0.439 0.000 0.000 0.000 0.000 0.000 0.643 0.562 0.006 0.000 0.000 0.245 0.446 0.000 0.000 0.000 0.000 0.000 0.000 0.000 0.067 0.400 0.000 0.000 0.000
0.954 0.991 0.457 0.000 0.000 0.000 0.000 0.584 0.877 1.108 2.391 1.218 1.434 1.211 0.654 0.000 0.000 0.000 0.000 0.000 0.000 0.000 0.000 0.000 0.000 0.000 0.000 0.000 0.000 0.000 0.000 0.139 0.000 0.339 0.429 0.379 0.471 0.463 0.833 0.821 0.548 0.050 0.037 0.401 0.788 0.753 0.232 0.000 0.000 0.000 0.000 0.000 0.142 0.383 0.153 0.343 0.000 0.000 0.302 0.000 0.328 0.085 0.000 0.000 0.000 0.000 0.157 0.618 0.582 0.044 0.174 0.000 0.113
0.152 0.000 0.000 0.000 0.000 0.000 0.517 0.617 0.830 1.519 1.949 0.000 0.246 0.000 0.000 0.000 0.000 0.000 0.000 0.000 0.000 0.000 0.000 0.000 0.000 0.000 0.000 0.000 0.000 0.000 0.000 0.000 0.000 0.000 0.000 0.000 0.000 0.000 0.232 0.053 0.120 0.000 0.049 0.309 0.680 0.959 0.601 0.000 0.000 0.000 0.000 0.000 0.000 0.000 0.000 0.000 0.000 0.000 0.000 0.000 0.249 0.423 0.148 0.000 0.000 0.354 0.644 0.994 0.292 0.068 0.387 0.549 0.486
0.890 0.000 0.000 0.000 0.306 0.490 0.452 0.553 1.374 1.676 1.960 0.445 0.000 0.000 0.000 0.000 0.000 0.000 0.000 0.000 0.000 0.000 0.000 0.000 0.000 0.000 0.000 0.000 0.000 0.000 0.000 0.000 0.000 0.000 0.000 0.000 0.235 0.237 0.109 0.000 0.000 0.000 0.367 0.719 1.108 1.389 0.368 0.080 0.000 0.000 0.000 0.000 0.000 0.000 0.000 0.000 0.000 0.000 0.000 0.000 0.064 0.805 0.748 0.423 0.814 0.967 1.382 0.812 0.280 0.629 0.660 0.553 0.347
1.031 0.420 0.005 0.000 0.129 0.636 1.170 1.502 1.188 1.065 2.028 0.628 0.000 0.000 0.000 0.000 0.000 0.000 0.000 0.000 0.000 0.000 0.000 0.000 0.000 0.000 0.000 0.000 0.000 0.000 0.000 0.000 0.000 0.000 0.000 0.000 0.000 0.000 0.000 0.000 0.171 0.329 0.605 1.225 1.559 1.234 1.103 0.581 0.000 0.000 0.042 0.000 0.000 0.000 0.000 0.000 0.000 0.000 0.214 0.331 0.346 0.712 1.245 1.522 1.632 1.618 1.213 0.668 0.352 0.895 0.652 0.286 0.174
0.496 0.917 0.055 0.000 0.096 1.172 0.380 0.662 0.612 1.116 1.634 0.989 0.000 0.000 0.000 0.000 0.000 0.000 0.000 0.000 0.000 0.000 0.000 0.000 0.000 0.000 0.000 0.000 0.000 0.000 0.000 0.000 0.000 0.000 0.000 0.000 0.000 0.000 0.000 0.276 0.345 0.591 1.240 1.581 1.317 0.935 0.863 0.866 0.643 0.602 0.000 0.000 0.000 0.000 0.000 0.142 0.074 0.504 0.637 0.989 1.333 1.583 1.597 1.607 1.509 1.705 1.815 1.474 1.348 1.575 1.342 1.260 1.035
0.160 0.467 0.000 0.000 0.000 0.393 0.000 0.000 0.809 1.469 1.010 0.140 0.000 0.000 0.000 0.000 0.000 0.000 0.000 0.000 0.000 0.000 0.000 0.000 0.000 0.000 0.000 0.000 0.000 0.000 0.000 0.000 0.000 0.000 0.000 0.506 0.000 0.297 0.000 0.662 0.964 1.304 1.581 1.345 0.740 0.207 0.500 0.716 0.256 0.755 0.000 0.115 0.000 0.000 0.000 0.332 0.667 1.042 1.415 1.466 1.135 0.969 0.814 0.804 0.908 1.065 1.341 1.328 1.696 1.938 1.956 1.969 1.681
0.000 0.044 0.175 0.000 0.000 0.000 0.000 0.763 0.830 0.961 0.600 0.000 0.000 0.000 0.000 0.000 0.000 0.000 0.000 0.000 0.000 0.000 0.000 0.000 0.000 0.000 0.000 0.000 0.000 0.000 0.000 0.000 0.000 0.000 0.000 0.397 0.708 0.129 0.953 1.097 1.499 1.600 1.280 0.776 0.312 0.039 0.000 0.004 0.007 0.020 0.335 0.000 0.000 0.000 0.109 0.740 1.336 1.334 0.930 0.911 0.602 0.578 0.408 0.380 0.250 0.803 0.794 1.002 0.741 1.130 1.337 1.570 1.917
0.000 0.000 0.000 0.000 0.000 0.000 0.000 0.331 0.295 0.173 0.000 0.000 0.000 0.000 0.000 0.000 0.000 0.000 0.000 0.000 0.000 0.000 0.000 0.000 0.000 0.000 0.000 0.000 0.000 0.000 0.000 0.000 0.000 0.000 0.000 0.000 0.917 0.789 1.201 1.598 1.600 1.272 1.235 1.001 0.777 0.000 0.000 0.000 0.000 0.000 0.000 0.000 0.000 0.494 0.812 1.280 0.995 0.604 0.306 0.656 0.000 0.000 0.000 0.069 0.000 0.156 0.165 0.507 0.493 0.519 0.556 0.532 0.947
0.000 0.000 0.000 0.000 0.000 0.000 0.000 0.000 0.000 0.000 0.000 0.000 0.000 0.000 0.000 0.000 0.000 0.000 0.000 0.000 0.000 0.000 0.000 0.000 0.000 0.000 0.000 0.000 0.000 0.000 0.000 0.000 0.000 0.007 0.106 0.149 0.622 1.332 1.529 1.568 1.084 0.642 0.330 0.273 0.669 0.749 0.000 0.000 0.000 0.000 0.000 0.024 0.360 0.785 1.175 0.827 0.736 0.000 0.000 0.236 0.000 0.018 0.336 0.756 0.834 0.603 0.076 0.296 0.224 0.053 0.192 0.000 0.279
0.000 0.000 0.000 0.000 0.000 0.000 0.000 0.000 0.000 0.000 0.000 0.000 0.000 0.000 0.000 0.000 0.000 0.000 0.000 0.000 0.000 0.000 0.000 0.000 0.000 0.000 0.000 0.000 0.324 0.000 0.000 0.000 0.090 0.000 0.831 0.818 1.267 1.636 1.453 1.112 0.534 0.299 0.000 0.000 0.080 0.674 0.252 0.000 0.015 0.161 0.228 0.321 0.790 0.885 0.590 0.153 0.227 0.000 0.000 0.063 0.000 0.028 0.230 0.379 0.496 1.017 1.083 0.399 0.173 0.000 0.000 0.000 0.449
0.000 0.000 0.000 0.000 0.000 0.000 0.000 0.000 0.000 0.000 0.000 0.000 0.000 0.000 0.000 0.000 0.000 0.000 0.000 0.000 0.000 0.000 0.000 0.000 0.000 0.000 0.000 0.000 0.448 0.000 0.000 0.000 0.466 0.457 0.752 1.478 1.620 1.558 1.021 0.518 0.364 0.000 0.000 0.000 0.362 0.532 0.249 0.000 0.000 0.133 0.421 0.463 0.460 0.322 0.034 0.000 0.000 0.000 0.000 0.000 0.000 0.000 0.000 0.000 0.155 0.365 1.042 1.125 0.312 0.308 0.000 0.035 0.212
0.000 0.000 0.000 0.000 0.000 0.000 0.000 0.000 0.000 0.129 0.000 0.000 0.000 0.000 0.000 0.000 0.000 0.000 0.000 0.000 0.000 0.000 0.000 0.000 0.000 0.000 0.000 0.765 0.348 0.000 0.000 0.000 0.358 1.134 1.383 1.639 1.538 1.346 0.735 0.000 0.586 0.000 0.000 0.084 0.000 0.000 0.000 0.000 0.000 0.000 -999.000 -999.000 0.059 0.000 0.000 0.000 0.000 0.000 0.000 0.000 0.152 0.142 0.392 0.208 0.000 0.302 0.343 0.927 1.142 0.435 0.653 0.005 0.000
0.000 0.000 0.000 0.000 0.000 0.000 0.000 0.001 0.000 0.107 0.000 0.021 0.000 0.000 0.000 0.000 0.000 0.000 0.000 0.000 0.000 0.000 0.000 0.022 0.000 0.000 0.000 0.828 0.417 0.000 0.000 0.558 0.856 1.380 1.699 1.502 1.073 1.093 0.369 0.005 0.087 0.000 0.000 0.000 0.000 0.000 -999.000 -999.000 -999.000 -999.000 -999.000 -999.000 -999.000 0.000 0.000 0.000 0.000 0.179 0.000 0.000 0.000 0.122 0.774 0.760 0.000 0.000 0.144 0.694 1.481 0.995 0.072 0.003 0.000
0.000 0.000 0.000 0.000 0.000 0.000 0.000 0.000 0.384 0.539 0.355 0.000 0.000 0.000 0.000 0.000 0.000 0.000 0.000 0.000 0.000 0.000 0.000 0.080 0.000 0.000 0.069 1.030 1.126 0.582 0.204 0.794 1.424 1.719 1.443 1.183 0.278 0.356 0.908 0.000 0.000 0.000 0.000 0.000 -999.000 -999.000 -999.000 -999.000 -999.000 -999.000 -999.000 -999.000 -999.000 0.000 0.000 0.000 0.361 0.576 0.056 0.000 0.000 0.217 0.300 1.146 0.220 0.000 0.765 0.920 1.516 0.862 0.299 0.000 0.000
0.000 0.000 0.000 0.231 0.019 0.352 0.573 0.750 0.669 0.294 0.000 0.000 0.000 0.000 0.000 0.000 0.000 0.000 0.000 0.000 0.000 0.000 0.243 0.152 0.000 0.000 0.057 1.061 1.658 1.061 0.743 1.271 1.760 1.464 0.835 0.272 0.151 0.000 0.723 0.187 0.000 0.000 0.000 0.000 -999.000 -999.000 -999.000 -999.000 -999.000 -999.000 -999.000 -999.000 -999.000 0.000 0.116 0.176 0.573 1.076 0.111 0.000 0.000 0.634 0.900 1.609 0.363 0.000 0.544 1.006 1.712 0.910 0.459 0.000 0.000
0.000 0.000 0.052 0.519 0.710 1.024 0.824 0.358 0.000 0.000 0.000 0.000 0.000 0.000 0.000 0.000 0.000 0.000 0.000 0.000 0.000 0.338 0.312 0.249 0.000 0.000 0.207 1.053 1.871 1.481 1.225 1.812 1.267 0.801 0.278 0.040 0.000 0.000 0.253 0.507 0.000 -999.000 -999.000 -999.000 -999.000 -999.000 -999.000 -999.000 -999.000 -999.000 -999.000 -999.000 -999.000 0.000 0.000 0.000 0.174 1.414 0.528 0.000 0.000 0.386 0.709 1.566 1.190 0.244 0.402 1.304 1.278 0.711 0.048 0.000 0.161
0.248 0.460 0.713 1.126 1.007 0.433 0.000 0.000 0.000 0.000 0.000 0.000 0.000 0.000 0.000 0.000 0.000 0.000 0.000 0.000 0.110 0.433 0.407 0.000 0.000 0.019 0.682 1.289 1.970 1.483 1.857 1.411 0.712 0.508 0.111 0.000 0.000 0.000 0.000 0.000 0.000 -999.000 -999.000 -999.000 -999.000 -999.000 -999.000 -999.000 -999.000 -999.000 -999.000 -999.000 -999.000 -999.000 0.000 0.000 0.470 1.734 1.503 1.001 0.065 0.038 0.640 1.387 1.927 1.723 1.759 1.722 1.275 0.271 0.017 0.340 1.010
0.538 0.951 1.278 0.858 0.213 0.000 0.000 0.000 0.000 0.000 0.000 0.000 0.000 0.000 0.000 0.000 0.000 0.161 0.017 0.162 0.698 0.544 0.444 0.000 0.048 0.420 0.971 1.616 1.986 1.798 1.320 0.846 0.235 0.000 0.000 0.232 0.000 0.000 0.000 0.000 -999.000 -999.000 -999.000 -999.000 -999.000 -999.000 -999.000 -999.000 -999.000 -999.000 -999.000 -999.000 -999.000 -999.000 0.000 0.000 0.683 1.669 2.182 1.008 0.095 0.195 0.417 0.979 1.564 1.467 1.682 2.268 1.429 0.510 0.409 0.912 1.116
1.300 1.258 0.735 0.241 0.000 0.000 0.000 0.000 0.000 0.000 0.000 0.000 0.000 0.000 0.000 0.000 0.000 0.405 0.709 0.875 0.800 0.362 0.222 0.321 0.537 0.793 1.551 1.881 1.904 1.538 0.958 0.762 0.220 0.414 0.411 0.000 0.000 0.000 0.000 0.000 0.000 0.000 -999.000 -999.000 -999.000 -999.000 -999.000 -999.000 -999.000 -999.000 -999.000 -999.000 -999.000 -999.000 0.000 0.334 0.601 0.625 1.790 1.694 0.972 0.365 0.321 0.907 0.477 0.627 1.422 1.879 2.183 1.445 1.579 1.553 0.233
0.907 0.465 0.062 0.000 0.000 0.000 0.000 0.000 0.000 0.000 0.000 0.042 0.000 0.000 0.000 0.000 0.000 0.721 1.125 0.691 0.341 0.361 0.592 0.533 1.033 1.420 1.895 2.088 1.743 0.963 1.006 0.649 0.564 0.150 0.000 0.005 0.000 0.000 0.202 0.000 0.000 0.000 -999.000 -999.000 -999.000 -999.000 -999.000 -999.000 -999.000 -999.000 -999.000 -999.000 -999.000 0.000 0.172 0.226 0.053 0.571 1.359 2.348 1.193 0.173 0.000 0.316 0.023 0.669 0.810 1.541 2.281 1.577 1.329 1.423 0.807
