tests/2D_interpolations/2009-01-19T12.00_VW_ref.asc
ncols               386
nrows               229
xllcorner    479497.492
yllcorner     73502.967
cellsize       1000.000
NODATA_value -999
[rows 160 to 191 of 229, columns 71 to 141 of 386]
-999.000 -999.000 20.963 20.975 20.989 21.005 21.022 21.040 12.571 13.685 13.821 12.358 8.967 5.993 6.095 5.915 10.001 9.945 8.569 7.716 8.132 6.810 6.382 8.982 11.246 13.049 8.759 7.632 7.459 6.635 5.568 4.724 5.867 7.501 7.255 7.615 12.895 9.242 8.324 9.529 8.816 8.463 6.734 5.188 4.399 7.411 7.133 7.741 9.179 13.024 12.243 13.426 9.889 8.905 7.388 4.794 3.197 5.219 5.423 4.569 2.441 2.414 0.983 5.725 3.467 2.098 1.010 5.842 4.244 4.358 2.197
-999.000 -999.000 20.930 20.943 20.957 20.972 20.989 21.008 21.028 13.030 14.223 10.767 8.831 9.634 8.616 5.999 6.007 8.656 10.814 11.037 9.094 9.189 10.781 10.733 10.274 10.082 11.411 10.292 8.258 9.381 7.859 3.787 4.462 4.761 5.034 8.270 9.960 9.405 7.583 9.306 9.109 8.733 7.576 5.989 4.738 5.898 5.843 8.356 9.617 12.944 8.962 10.982 10.918 9.679 6.504 3.663 3.567 1.649 0.710 2.316 0.595 1.679 3.011 4.695 2.406 1.241 0.237 0.688 4.452 4.700 0.911
-999.000 20.885 20.896 20.908 20.922 20.937 20.955 20.974 20.994 12.882 14.443 13.051 11.172 10.702 8.578 5.536 5.949 9.921 9.446 10.353 7.856 8.812 7.643 11.187 8.682 8.836 8.409 11.222 6.524 8.646 8.259 4.976 5.198 7.097 8.331 9.683 11.006 9.160 7.333 10.069 11.180 10.456 8.387 7.010 7.264 6.410 7.648 9.952 9.192 11.922 7.897 7.559 8.637 7.667 4.251 1.954 0.598 3.836 1.897 0.722 0.355 0.326 2.373 3.656 0.860 2.499 1.929 0.269 1.136 0.410 0.101
-999.000 20.849 20.860 20.872 20.886 20.901 17.899 17.916 18.232 12.375 14.405 14.301 11.697 9.080 6.592 8.461 9.356 8.561 7.754 8.857 7.223 6.143 8.436 8.424 7.505 7.343 9.415 9.372 7.950 7.325 6.946 4.762 7.987 9.956 8.853 9.615 13.407 9.060 8.112 8.386 10.113 11.190 8.086 5.596 5.207 6.099 8.189 6.947 6.690 7.478 7.711 3.343 3.015 4.720 2.324 0.141 3.445 1.485 0.598 0.168 2.217 2.498 3.413 2.574 0.687 1.832 3.746 4.370 2.294 0.732 0.418
-999.000 16.518 19.279 20.591 20.592 21.086 20.553 19.119 20.271 12.111 15.713 13.863 9.954 6.715 6.645 8.735 7.594 7.974 6.815 6.560 4.076 6.318 7.962 8.650 8.150 7.673 5.498 6.039 6.147 7.640 8.190 6.955 9.428 5.283 6.540 8.943 8.189 9.393 7.481 7.542 8.588 10.253 7.654 5.562 4.980 5.763 3.452 4.734 7.293 6.284 4.460 2.014 2.773 1.931 1.206 0.278 0.634 2.662 0.422 2.139 3.067 2.143 2.272 6.323 6.463 6.239 4.888 3.631 0.659 0.471 0.239
-999.000 13.670 15.644 16.928 18.666 20.050 21.035 19.483 19.906 17.717 15.476 12.901 9.268 9.062 8.611 7.829 5.312 5.167 7.084 6.597 4.981 6.706 6.310 7.592 5.585 6.103 4.071 1.751 5.132 5.607 6.187 6.821 8.073 5.050 7.608 9.568 9.282 9.374 7.010 5.335 5.355 6.995 5.729 5.917 1.751 1.028 4.130 4.362 3.695 1.459 2.282 0.928 1.262 0.207 0.091 0.266 0.334 0.627 2.148 2.258 3.071 1.817 3.131 8.527 7.995 6.959 5.044 1.606 1.259 0.441 0.953
11.684 10.185 10.338 11.619 13.627 17.168 20.199 17.971 18.652 17.503 14.605 11.074 8.705 8.627 7.166 3.633 2.743 6.463 7.545 7.871 7.884 8.365 7.120 5.742 3.089 3.940 4.670 4.304 3.280 3.366 3.574 6.250 5.894 7.219 9.319 11.067 10.338 9.933 5.700 0.186 3.746 7.546 3.748 2.309 1.243 1.671 1.011 1.117 2.334 2.461 0.888 0.511 0.497 0.327 0.321 1.153 1.501 0.708 0.653 0.391 0.544 0.645 5.433 9.029 8.477 4.845 1.618 0.829 0.786 1.292 0.588
8.499 6.915 6.831 7.194 11.754 16.452 19.214 18.805 20.229 12.069 14.034 11.553 8.005 6.170 7.293 4.933 5.104 7.122 8.581 9.661 9.015 9.456 8.809 8.821 8.023 7.874 8.035 7.349 6.533 6.510 5.296 4.484 6.200 8.363 10.088 7.651 4.910 6.220 5.570 2.308 2.832 5.396 3.589 0.131 1.146 1.131 0.169 2.232 1.667 0.114 0.919 1.066 1.014 0.428 0.934 1.406 3.062 2.168 0.616 0.540 1.124 5.356 7.930 8.512 6.600 3.729 1.442 1.257 2.725 1.559 1.073
5.431 5.776 5.225 9.981 11.668 13.007 16.176 18.873 16.994 12.266 14.287 13.929 10.556 8.945 8.923 5.706 6.199 8.525 10.183 8.822 9.941 11.911 10.252 7.984 7.832 8.241 8.814 8.393 7.791 7.354 6.891 6.207 10.058 9.337 8.244 3.502 3.252 2.607 4.415 0.503 1.330 3.293 0.667 3.245 3.030 0.322 2.186 5.242 5.295 2.918 2.082 1.541 1.916 1.401 1.552 0.319 4.840 3.703 2.235 2.236 1.148 3.933 9.265 7.841 7.706 4.437 3.200 2.408 3.242 2.371 0.735
6.003 6.706 7.689 8.422 8.881 11.381 14.696 19.894 21.001 20.868 12.592 14.412 11.885 10.381 9.134 5.267 7.478 9.790 11.779 11.310 10.176 9.992 9.643 9.338 9.715 9.977 11.137 12.963 9.986 8.918 9.209 7.023 5.259 4.164 5.025 3.803 2.431 4.041 3.111 1.154 0.198 2.555 0.835 2.752 0.849 1.347 0.568 1.350 5.304 5.225 6.032 4.026 4.515 1.658 3.894 3.448 4.056 6.238 4.920 4.318 2.962 6.318 9.419 9.741 8.828 7.282 4.162 3.178 4.717 2.594 1.924
4.149 3.613 6.672 7.741 10.963 11.873 14.340 16.680 20.853 17.485 12.024 13.447 12.706 12.157 9.524 8.036 10.065 9.830 10.122 11.192 8.595 8.748 7.425 7.354 6.477 7.883 8.628 11.186 10.662 7.199 5.018 3.600 1.337 0.681 4.744 1.034 1.127 3.833 3.075 1.021 0.076 0.686 1.160 0.750 0.246 0.983 2.098 4.693 4.966 7.915 6.262 6.084 3.069 3.910 4.678 5.195 6.460 7.636 7.015 7.077 6.287 5.971 8.310 9.709 9.928 7.695 5.822 5.734 6.640 5.231 4.735
4.614 7.306 8.323 8.883 11.332 12.017 13.715 17.282 20.820 18.135 17.201 12.665 12.830 13.734 11.264 10.803 10.697 13.698 11.753 9.727 5.024 6.104 6.622 7.575 7.081 7.517 8.932 9.117 9.787 6.403 2.922 0.072 1.745 0.742 0.364 0.992 2.606 3.041 1.990 1.340 0.210 0.369 1.399 0.177 0.068 0.113 1.274 2.996 5.794 7.305 8.645 5.461 3.482 5.828 6.893 8.401 9.401 9.864 10.808 10.151 10.861 10.013 10.812 12.120 11.451 9.886 8.488 8.494 9.002 7.621 7.881
-999.000 6.942 8.068 8.185 8.935 10.853 12.510 16.528 20.017 19.256 17.211 12.159 12.485 13.732 12.854 11.251 16.125 11.501 9.154 6.621 5.315 5.022 4.527 5.042 4.884 5.022 7.551 7.049 7.459 7.029 2.705 0.266 1.939 0.959 0.625 1.427 2.244 3.238 3.818 3.371 1.645 2.262 3.157 1.210 2.188 1.868 3.097 5.075 6.228 8.635 8.988 6.325 6.046 7.152 8.718 10.614 11.870 11.931 12.783 12.594 13.179 12.665 12.969 13.230 12.683 12.133 11.253 10.496 10.954 10.790 12.158
-999.000 -999.000 6.502 8.321 10.188 10.455 12.230 14.954 18.671 20.104 12.163 11.736 11.958 13.042 13.503 11.678 12.248 10.116 6.878 6.459 6.863 6.279 6.031 6.369 5.754 6.967 5.741 5.245 2.140 1.805 0.103 2.704 1.622 0.713 0.442 1.308 2.442 3.281 5.737 6.197 4.680 4.335 4.134 2.291 4.973 2.458 5.172 6.996 9.045 9.874 9.477 7.214 7.729 9.090 10.265 11.638 12.357 12.521 12.971 13.065 12.754 12.617 12.731 11.941 11.758 12.096 12.136 12.464 13.056 13.228 13.474
-999.000 -999.000 -999.000 7.159 8.512 8.598 11.375 13.562 16.251 20.168 15.186 11.519 11.961 11.979 12.868 12.902 11.746 9.273 7.949 8.161 8.058 6.615 6.600 8.322 7.097 7.454 4.945 0.102 0.548 2.636 4.584 1.048 4.880 3.485 3.051 2.840 2.808 2.322 4.858 7.257 6.302 6.352 2.244 3.005 5.829 4.708 7.080 9.105 10.906 9.108 8.967 7.165 8.650 10.085 12.025 12.973 13.543 13.527 13.648 12.850 15.401 16.954 18.673 17.661 17.989 13.262 12.150 12.078 17.463 16.958 15.961
-999.000 -999.000 -999.000 -999.000 -999.000 6.345 9.499 10.665 14.612 19.232 19.654 17.803 14.178 12.059 12.425 13.027 12.675 10.062 9.628 9.531 8.308 7.273 6.466 5.779 4.457 4.313 7.035 5.978 4.116 3.346 3.005 4.985 6.463 6.876 7.129 5.206 2.452 3.016 4.326 6.469 7.955 8.113 2.849 5.202 7.470 6.266 8.738 10.281 11.853 10.008 9.069 8.502 9.672 11.213 12.978 13.675 13.781 13.533 16.714 16.075 15.254 13.091 14.030 13.077 14.156 15.742 15.101 15.431 15.348 14.072 12.684
-999.000 -999.000 -999.000 -999.000 -999.000 5.480 9.223 9.451 12.717 17.456 20.018 20.752 15.976 15.103 13.100 13.037 12.828 11.168 10.772 10.049 8.174 7.875 8.638 7.900 7.240 8.626 9.428 4.865 4.772 3.685 4.617 6.445 8.114 8.943 7.171 2.542 1.925 3.942 5.086 7.541 8.056 9.286 4.927 6.843 8.937 8.411 10.234 11.567 9.921 10.715 9.536 10.507 11.690 12.608 14.021 14.250 11.807 16.473 15.055 12.085 10.198 9.301 6.703 11.158 10.562 9.655 10.516 10.832 10.875 11.192 11.047
-999.000 -999.000 -999.000 -999.000 -999.000 6.645 9.057 8.123 10.651 14.826 18.266 19.169 19.954 16.064 14.998 12.781 12.877 11.261 10.808 9.961 9.407 10.562 9.627 9.284 7.966 6.541 2.586 3.965 4.358 3.969 3.084 6.490 8.689 9.634 7.630 3.899 2.459 4.672 7.305 9.860 8.392 9.087 6.689 9.672 10.577 9.700 11.369 12.434 10.593 10.136 11.208 12.951 13.301 13.669 14.477 16.930 16.490 17.015 12.958 9.570 6.753 5.620 8.477 7.903 7.044 5.892 6.363 6.903 6.217 9.109 9.298
-999.000 -999.000 -999.000 -999.000 -999.000 7.139 7.859 6.125 8.583 12.422 15.206 18.809 20.591 15.057 13.251 14.494 14.154 12.344 13.205 11.506 12.018 8.553 7.217 6.542 5.553 4.198 5.489 3.684 2.670 1.250 3.671 6.997 3.728 7.926 9.020 5.225 4.020 6.564 9.135 10.249 10.005 8.010 9.316 11.153 10.875 10.550 12.644 13.554 12.732 11.397 13.399 13.754 12.758 13.802 17.838 15.716 14.168 15.195 12.285 10.308 9.226 6.771 3.267 2.604 5.457 1.140 4.583 2.006 3.601 6.883 9.174
-999.000 -999.000 -999.000 -999.000 4.717 4.378 3.339 6.641 7.803 10.664 14.480 16.868 20.181 14.738 12.061 11.689 11.549 13.796 13.812 12.166 11.768 11.183 9.600 7.542 6.250 6.795 4.174 0.443 1.347 3.214 5.608 3.860 1.771 7.497 7.864 5.968 5.429 8.785 10.980 12.241 11.176 9.691 11.297 11.745 11.979 12.385 13.316 13.178 12.748 12.612 14.344 18.261 17.249 16.087 14.958 13.131 11.257 12.075 10.636 12.371 9.267 4.965 1.820 1.658 2.178 1.871 2.424 0.299 1.388 4.773 7.996
-999.000 -999.000 -999.000 6.469 6.176 5.644 6.153 6.253 7.483 10.904 14.317 17.402 18.232 19.511 19.470 12.410 12.688 12.579 13.004 10.191 9.577 9.120 9.685 8.042 7.216 4.990 1.958 0.558 1.412 3.170 2.812 0.079 3.484 6.516 9.457 8.184 8.498 10.069 11.947 11.561 11.260 11.245 12.304 13.154 12.487 12.536 14.346 13.166 16.677 17.219 16.595 15.557 13.940 13.211 11.063 9.935 9.549 10.067 11.490 14.103 9.158 6.662 4.046 1.416 1.032 0.119 0.693 0.638 2.315 4.443 8.284
-999.000 -999.000 6.547 6.995 6.529 9.861 7.985 8.790 9.024 11.895 16.580 15.596 14.851 16.233 17.304 18.964 16.208 14.517 13.445 9.843 7.779 7.362 6.167 7.874 4.206 0.077 0.277 0.856 1.207 0.481 1.677 0.816 0.969 5.643 9.813 9.647 10.815 12.224 13.346 13.008 11.784 12.180 13.147 12.754 13.184 14.507 14.188 16.268 15.468 13.562 12.754 11.477 10.603 10.493 9.854 7.008 6.459 8.831 8.050 13.090 10.166 6.179 3.102 0.273 0.223 1.487 1.696 0.572 0.133 1.644 7.104
-999.000 -999.000 5.961 9.269 7.610 7.268 7.560 8.140 11.940 13.612 12.921 11.723 12.035 12.342 15.999 18.595 18.684 14.473 12.557 7.751 6.259 4.704 4.963 7.052 3.123 0.916 1.210 2.747 3.818 3.710 5.724 3.251 2.768 7.940 10.625 11.930 12.431 13.414 13.642 12.854 11.842 12.511 13.259 14.346 17.017 16.959 18.526 15.553 11.738 10.545 10.424 8.820 7.134 7.646 10.325 5.920 3.778 5.582 7.871 10.925 9.696 6.300 3.408 1.886 1.288 0.084 1.416 2.062 0.983 2.136 4.945
-999.000 -999.000 7.576 4.765 5.844 6.666 7.786 10.027 13.182 11.642 10.110 8.073 10.151 10.832 13.493 16.840 14.823 13.975 10.115 6.763 4.786 1.164 4.956 6.319 2.153 1.053 2.777 1.894 5.919 7.431 9.810 11.092 9.593 8.908 12.111 13.215 13.706 13.989 13.647 12.948 12.222 16.189 15.700 17.153 16.917 16.544 16.548 13.853 10.994 8.469 7.608 7.203 4.702 4.316 7.896 5.897 2.956 3.285 5.946 9.753 9.409 7.675 5.386 3.617 1.456 0.674 0.613 0.390 0.638 2.918 4.593
-999.000 5.978 6.627 5.276 6.554 7.252 8.138 11.619 11.013 10.215 7.206 6.932 7.182 10.680 13.010 16.250 11.350 13.515 10.187 7.676 2.981 0.241 3.502 1.116 0.659 1.886 5.059 4.813 6.572 9.040 11.281 11.540 11.151 10.345 13.024 14.484 14.682 11.506 11.461 16.711 16.801 16.930 15.772 14.201 13.279 13.393 14.696 13.480 10.941 8.040 6.191 4.415 3.083 2.922 5.772 4.298 0.556 2.337 5.297 7.812 12.556 8.698 6.034 4.556 2.770 1.290 0.329 0.579 1.607 3.689 4.314
-999.000 4.807 5.525 4.441 5.821 6.986 9.608 13.193 9.251 8.321 6.116 5.847 7.611 10.947 11.982 14.426 19.846 13.688 10.317 6.215 1.854 0.407 1.662 1.334 1.563 2.513 4.759 7.684 9.035 9.656 11.979 11.834 11.514 12.241 14.700 14.836 17.181 16.789 16.913 17.755 15.237 13.772 12.149 11.039 10.587 11.160 12.146 14.520 11.287 7.859 5.607 3.771 2.129 0.824 2.234 2.847 0.480 1.948 3.120 5.952 10.505 8.987 5.724 1.390 1.992 1.604 2.959 0.480 1.282 5.666 2.547
-999.000 2.891 3.790 3.849 5.019 7.259 10.484 10.981 8.782 8.179 4.562 5.958 8.166 8.825 7.548 12.596 17.067 13.236 12.018 9.177 4.112 0.838 0.341 0.853 2.679 3.214 4.413 6.742 9.695 10.604 11.825 12.174 13.412 13.824 14.876 16.823 15.908 15.076 14.046 13.956 13.899 10.978 9.358 8.364 8.090 8.525 10.588 16.201 11.031 8.746 7.241 6.035 3.114 0.124 1.908 1.588 0.577 0.520 2.040 5.518 8.773 8.514 5.369 1.150 0.996 0.557 1.682 1.077 1.284 6.447 1.407
-999.000 2.768 4.282 6.160 7.308 8.651 12.909 9.293 6.321 4.588 4.847 2.525 5.135 4.276 7.600 10.876 15.430 11.827 13.533 10.520 7.350 2.927 1.127 1.281 0.589 3.089 5.402 5.793 8.849 12.270 13.194 13.656 14.291 11.433 16.337 15.452 13.231 11.235 10.633 12.624 13.412 10.253 7.695 5.488 5.745 6.923 9.442 12.937 11.646 9.203 7.131 4.722 2.532 0.054 1.849 0.214 0.159 1.597 2.309 4.931 8.142 7.435 6.114 2.232 0.190 0.294 3.423 0.066 2.221 4.930 1.158
2.846 4.891 5.410 4.731 8.049 12.420 10.367 7.226 6.123 2.753 0.567 1.873 2.421 5.392 9.536 11.189 12.194 17.437 13.735 10.771 5.255 3.534 1.867 1.539 0.742 4.025 6.740 5.687 10.282 13.330 14.261 13.883 16.089 15.986 14.282 11.429 9.520 8.707 9.271 9.356 11.628 9.002 8.138 5.138 4.631 6.258 9.487 12.314 11.435 9.063 6.446 3.606 1.163 0.872 0.323 1.419 0.436 0.513 2.970 6.936 8.958 9.906 7.423 4.940 2.464 0.242 2.129 1.224 1.352 2.901 0.957
4.772 5.106 4.510 6.514 8.963 10.865 7.599 4.679 2.655 0.471 4.466 3.123 3.578 6.935 8.071 7.583 11.152 15.338 13.544 12.335 6.126 1.977 2.588 3.899 3.898 8.369 10.420 10.793 14.074 14.739 14.576 16.988 15.807 15.278 11.182 8.096 7.003 6.283 6.420 8.111 10.205 6.854 4.861 3.920 3.735 7.060 11.204 13.029 14.091 10.294 8.408 6.359 1.920 0.332 0.884 2.809 0.768 0.928 3.091 7.379 4.435 5.541 9.004 5.184 1.966 1.102 1.944 4.221 0.815 2.425 1.554
6.887 7.067 7.490 9.160 10.873 10.390 5.615 1.591 0.604 3.889 1.331 0.675 1.807 4.081 5.248 5.479 7.852 13.938 13.800 13.280 8.713 4.217 2.288 7.646 9.859 12.336 13.392 13.822 14.814 14.297 16.814 15.873 14.049 11.324 11.149 7.739 6.209 3.454 3.598 6.824 8.522 4.448 2.959 1.970 3.922 8.100 11.665 9.119 9.936 13.265 9.782 6.803 3.674 1.244 0.869 0.842 0.867 0.187 3.125 5.479 0.767 2.212 5.552 7.332 3.005 0.544 1.367 3.626 0.950 1.584 2.361
5.162 6.496 7.552 7.233 6.004 7.328 5.871 0.048 0.654 0.119 2.061 3.347 3.100 3.021 2.847 1.094 8.398 12.774 15.049 13.371 10.302 5.009 7.156 11.405 12.848 13.988 13.987 14.258 17.143 17.327 15.779 13.580 10.789 9.296 10.807 9.592 6.206 4.352 2.469 5.658 7.233 4.138 1.404 1.320 3.261 7.881 8.394 5.179 5.920 8.058 12.486 7.989 6.135 3.804 1.339 0.999 0.446 0.590 0.822 4.770 0.075 0.854 2.277 8.002 3.745 0.727 4.126 4.726 0.413 0.621 0.961
