tests/2D_interpolations/2009-01-19T12.00_TA_ref.asc
ncols               386
nrows               229
xllcorner    479497.492
yllcorner     73502.967
cellsize       1000.000
NODATA_value -999
[rows 145 to 173 of 229, columns 132 to 197 of 386]
279.545 281.407 285.644 283.441 282.733 286.249 281.293 278.430 276.173 276.280 281.153 282.062 276.621 276.788 277.482 277.606 273.884 268.811 269.576 267.580 268.630 274.179 276.058 277.516 286.077 278.068 279.438 277.855 274.012 268.498 263.979 257.934 259.126 259.455 262.803 265.602 267.957 261.785 265.904 268.081 264.333 264.702 266.419 261.401 265.645 269.941 267.365 271.290 271.893 271.559 272.177 272.125 274.618 274.538 272.697 269.335 269.247 271.698 274.305 274.066 270.550 268.565 267.955 266.865 265.447 266.930
280.642 285.001 283.461 280.209 283.263 286.058 282.369 277.481 272.834 273.936 279.128 282.426 280.501 278.166 272.092 268.092 268.571 267.842 268.997 267.768 273.871 274.442 275.778 280.325 283.131 269.749 271.466 268.672 267.648 265.811 261.674 257.979 257.491 260.322 259.889 257.408 256.401 257.331 259.870 262.281 262.293 260.065 266.955 267.903 269.002 268.827 263.903 267.702 266.230 266.000 264.986 267.336 270.582 269.369 269.823 266.143 269.337 271.086 273.583 275.465 273.041 268.326 264.302 265.471 265.370 268.897
282.109 283.416 280.771 277.371 281.123 285.676 281.375 276.108 271.831 270.954 272.811 278.042 280.119 279.441 277.096 270.264 267.118 267.368 272.686 273.820 273.462 274.041 279.483 281.425 283.245 272.937 267.361 260.401 260.729 258.890 260.497 260.137 258.513 259.438 261.136 260.290 257.428 260.733 259.895 258.458 256.667 261.749 265.084 268.083 266.264 260.937 261.156 264.481 265.587 267.619 270.626 270.633 269.764 265.761 267.058 268.776 271.491 273.858 276.478 278.373 271.473 269.523 267.734 265.636 264.571 265.579
283.031 282.200 279.265 274.574 277.153 285.423 282.521 275.314 273.433 268.406 274.435 273.840 275.631 276.364 278.065 273.823 270.908 269.298 271.516 274.834 278.334 280.473 278.258 277.336 283.739 274.212 267.475 262.677 253.885 258.855 261.778 262.664 259.837 258.737 261.791 261.912 259.269 257.628 262.558 262.062 257.182 254.844 260.558 261.826 264.948 262.027 265.379 267.633 268.520 268.369 267.619 266.351 266.131 267.494 270.189 271.250 273.104 277.281 279.533 277.333 276.439 272.906 267.248 268.010 269.248 264.814
283.327 280.859 276.520 272.355 275.194 281.222 284.614 280.376 277.011 273.262 270.106 273.395 272.894 272.394 274.471 277.193 271.264 265.343 271.316 278.471 273.026 274.835 274.401 277.708 281.117 276.681 269.243 266.014 264.305 257.389 261.911 264.285 264.830 263.664 261.972 262.517 259.906 257.988 259.335 263.367 260.963 260.399 260.724 262.335 262.510 262.939 264.089 264.354 265.082 264.808 265.714 265.881 268.998 270.917 271.375 273.026 277.402 279.691 277.903 275.317 274.821 274.837 273.323 273.037 264.368 266.991
280.947 278.605 275.829 274.736 273.325 279.639 284.013 281.484 273.602 269.222 268.442 267.956 267.487 269.412 272.215 274.168 269.138 263.758 268.290 273.239 269.340 268.458 275.758 280.118 276.937 270.990 266.816 265.969 265.422 257.602 258.486 262.016 265.332 265.844 265.510 263.615 259.534 260.925 262.300 264.040 264.685 265.481 262.493 262.877 263.663 262.151 261.975 265.466 267.692 272.524 267.887 271.095 268.845 273.539 275.566 277.848 279.712 278.112 274.018 270.411 272.377 273.826 270.709 274.070 268.020 269.730
280.218 277.351 274.352 273.782 271.843 276.922 282.973 280.127 270.126 271.177 271.744 273.646 270.378 267.983 264.720 271.321 272.096 267.809 264.324 263.776 266.306 275.565 275.927 276.721 274.200 268.145 263.075 257.132 256.523 257.032 262.506 260.636 263.282 266.258 266.285 263.065 264.846 263.039 258.645 261.762 264.692 265.723 266.256 266.057 264.506 259.329 263.358 263.355 265.775 271.812 273.893 269.978 275.522 276.485 279.190 279.858 277.688 274.277 271.136 269.288 267.938 269.028 269.035 269.112 271.227 267.023
279.154 276.462 273.446 269.301 271.724 278.724 282.349 281.023 277.443 277.433 278.284 274.229 268.598 265.563 262.955 264.789 266.018 266.053 267.632 268.773 270.300 272.666 272.338 271.431 268.149 263.785 256.726 257.991 258.418 260.939 263.701 264.370 265.860 266.313 266.672 266.802 263.966 257.494 256.557 260.861 261.509 262.422 267.684 265.419 260.751 264.878 264.158 268.242 266.657 269.019 275.325 274.444 277.212 279.880 279.883 277.661 277.398 275.805 274.284 267.889 266.945 264.510 268.105 267.408 265.477 264.357
277.272 274.299 269.034 273.649 276.687 282.156 282.336 281.624 279.441 277.747 275.920 275.766 269.384 262.280 260.863 261.113 265.102 266.015 266.955 266.974 264.276 270.215 269.719 268.144 264.349 257.946 257.831 258.747 261.062 262.289 263.399 264.595 265.453 266.030 266.816 267.332 267.248 263.686 260.813 257.305 260.147 264.187 268.246 267.313 261.664 267.138 264.245 269.254 269.904 270.174 273.351 278.125 279.441 279.691 276.414 273.416 271.303 270.904 273.562 274.086 266.787 266.705 267.035 267.036 267.309 269.118
278.685 274.173 272.189 272.627 274.742 280.444 280.911 273.859 273.995 270.721 268.109 269.976 266.541 262.044 264.589 267.530 266.981 266.070 264.465 262.580 263.435 264.114 262.084 260.688 260.885 262.643 262.234 258.726 260.670 262.773 263.836 264.195 262.325 259.451 265.593 267.972 268.437 268.273 262.630 259.073 261.741 266.077 271.522 268.103 264.882 269.055 269.852 268.638 274.814 274.707 277.723 280.197 278.945 276.629 272.716 271.118 267.991 268.450 269.595 273.588 270.728 267.621 269.098 270.070 270.506 271.118
275.163 269.597 270.473 276.509 279.190 281.857 273.942 270.514 266.936 266.943 263.269 262.995 264.070 265.117 268.834 268.185 265.670 264.245 263.057 262.738 262.984 263.461 263.392 266.911 264.831 263.907 264.026 263.504 263.221 261.637 260.811 255.721 260.345 259.550 261.503 266.126 268.727 268.996 265.945 262.820 268.562 268.098 272.388 265.843 265.192 267.395 272.414 272.333 274.304 279.184 280.120 279.683 276.047 272.633 271.580 267.592 266.706 267.728 271.504 272.639 270.713 267.140 266.573 269.883 271.813 272.082
268.221 265.836 272.631 276.516 272.665 280.304 278.565 271.524 271.270 266.843 265.880 262.506 270.233 272.711 269.925 266.332 263.177 262.419 263.222 264.169 266.833 267.524 264.702 271.204 265.281 266.545 267.052 265.890 260.376 261.281 258.056 257.105 262.274 264.480 259.306 264.300 269.257 269.184 266.958 264.632 268.664 274.581 271.734 264.940 267.621 269.148 271.703 276.918 278.576 280.286 279.584 278.272 274.134 268.909 273.093 268.225 267.048 269.653 266.848 267.688 268.558 267.717 268.347 266.847 -999.000 -999.000
269.423 269.868 274.925 273.100 274.684 276.911 279.347 280.102 279.919 276.261 270.164 269.399 275.093 273.671 266.373 262.920 263.036 264.136 267.441 264.727 269.216 270.502 267.270 271.070 270.126 270.354 267.351 259.728 262.212 265.163 260.858 257.853 262.915 267.200 267.235 261.733 268.477 269.729 268.793 266.855 269.181 275.029 272.229 268.094 268.929 273.102 275.090 278.600 280.732 279.380 276.463 276.578 271.674 269.203 269.735 268.715 265.464 264.327 266.951 268.471 -999.000 -999.000 -999.000 -999.000 -999.000 -999.000
268.750 272.764 273.422 274.753 275.314 271.341 269.831 273.814 271.150 277.630 277.510 276.468 275.774 269.649 262.088 263.483 266.954 266.630 267.542 270.529 270.571 270.215 273.021 273.992 272.684 268.404 263.394 259.907 261.141 266.675 265.110 261.527 261.346 264.850 268.580 268.814 268.728 270.148 269.131 268.819 269.968 276.418 277.039 273.336 270.761 274.714 278.937 280.907 279.022 277.244 271.117 271.622 275.328 268.636 265.561 265.932 264.347 265.948 -999.000 -999.000 -999.000 -999.000 -999.000 -999.000 -999.000 -999.000
267.766 270.745 269.288 274.923 272.885 268.599 264.287 268.416 268.841 271.605 275.247 273.417 269.641 263.568 264.838 266.576 270.378 272.365 270.862 273.033 274.448 275.563 274.951 272.354 269.240 263.862 264.151 263.838 263.602 267.860 266.010 261.025 259.328 261.853 262.240 268.267 271.305 270.658 268.302 268.974 269.909 276.650 280.647 276.587 274.414 277.955 281.224 279.200 274.936 271.115 270.274 268.652 274.094 270.453 266.849 262.182 262.758 263.442 -999.000 -999.000 -999.000 -999.000 -999.000 -999.000 -999.000 -999.000
268.847 267.260 273.201 270.372 268.982 267.668 259.772 261.679 261.391 270.003 269.826 265.409 263.978 267.429 267.868 269.573 271.222 274.303 275.519 277.561 276.137 272.922 268.583 267.548 262.695 265.187 266.549 267.274 265.509 268.428 264.575 258.997 261.888 264.702 265.673 272.013 271.794 271.331 267.300 268.027 270.942 276.615 282.104 279.447 277.687 281.617 277.915 274.748 271.193 269.564 268.905 267.041 270.936 272.629 265.330 -999.000 -999.000 -999.000 -999.000 -999.000 -999.000 -999.000 -999.000 -999.000 -999.000 -999.000
267.925 269.994 271.519 269.529 264.774 265.991 265.172 260.739 260.974 267.913 265.904 266.704 267.615 269.862 272.679 274.037 275.674 278.388 277.509 273.569 270.486 268.704 265.029 256.599 259.837 263.010 261.204 267.756 268.504 269.553 269.702 265.234 266.174 267.727 270.539 272.676 272.455 268.708 268.293 269.727 274.166 278.229 282.790 279.474 281.970 278.932 274.187 272.788 270.082 267.866 267.182 265.118 264.924 268.123 262.860 -999.000 -999.000 -999.000 -999.000 -999.000 -999.000 -999.000 -999.000 -999.000 -999.000 -999.000
265.772 269.194 271.774 267.571 262.835 263.985 266.138 268.104 267.227 266.545 268.284 270.287 270.370 272.994 274.617 277.334 279.469 276.567 272.148 267.418 265.402 261.740 258.934 263.001 261.937 259.156 258.096 263.246 264.431 266.345 268.957 271.033 270.015 270.953 274.523 273.438 272.723 267.511 269.973 272.450 276.131 280.457 282.919 281.620 278.362 275.139 270.984 269.332 268.834 270.889 266.952 263.778 263.200 261.614 -999.000 -999.000 -999.000 -999.000 -999.000 -999.000 -999.000 -999.000 -999.000 -999.000 -999.000 -999.000
270.230 271.017 269.949 267.183 268.691 271.562 273.668 270.607 265.661 267.236 270.723 273.051 276.443 277.196 279.736 279.389 275.792 272.393 268.503 265.443 261.647 263.143 261.906 265.516 264.340 265.065 263.324 261.595 264.927 265.681 264.814 272.694 274.700 275.776 275.228 272.230 271.243 271.875 273.294 274.988 280.067 282.262 282.381 279.880 275.942 274.588 270.903 272.188 272.139 268.555 265.677 266.833 266.575 266.195 264.840 264.149 -999.000 -999.000 -999.000 -999.000 -999.000 -999.000 -999.000 -999.000 -999.000 -999.000
269.043 269.255 276.184 275.146 275.677 276.058 271.650 267.517 266.176 266.477 269.543 273.456 277.592 280.628 277.066 274.017 271.239 268.153 263.788 260.667 258.342 263.655 267.142 268.192 264.311 270.561 263.826 265.117 268.234 268.456 268.534 274.843 277.524 274.550 272.143 272.240 273.760 273.323 276.660 279.236 282.401 283.671 281.317 276.023 276.281 273.840 273.242 270.418 266.295 269.389 268.674 268.437 270.644 267.536 267.114 265.449 -999.000 -999.000 -999.000 -999.000 -999.000 -999.000 -999.000 -999.000 -999.000 -999.000
264.321 270.557 279.384 279.172 276.353 273.646 268.735 265.262 265.994 268.129 268.808 272.022 278.934 277.071 273.005 270.201 267.705 262.731 263.543 265.051 263.182 264.740 264.569 270.913 264.338 270.078 267.673 266.618 271.702 270.562 270.686 276.631 276.740 271.765 273.788 274.547 277.516 278.349 282.262 281.862 284.190 281.939 282.312 280.653 277.202 269.742 269.653 271.645 272.494 270.778 271.672 272.052 273.013 271.709 267.211 264.830 -999.000 -999.000 -999.000 -999.000 -999.000 -999.000 -999.000 -999.000 -999.000 -999.000
267.289 273.680 279.851 278.710 272.918 268.723 265.570 268.106 268.948 267.745 271.074 272.774 279.220 275.777 269.679 266.148 263.003 263.943 267.833 269.481 266.235 268.393 270.120 271.453 267.798 270.335 270.954 268.449 272.380 271.506 274.643 275.661 274.950 274.926 276.780 278.706 281.170 284.473 284.938 283.876 282.236 279.261 276.905 280.453 273.295 273.711 275.129 276.995 275.816 275.058 274.413 272.508 269.509 270.219 268.579 -999.000 -999.000 -999.000 -999.000 -999.000 -999.000 -999.000 -999.000 -999.000 -999.000 -999.000
274.379 278.113 280.912 275.331 271.490 268.706 268.643 271.003 269.296 268.004 267.444 272.196 279.399 276.595 271.358 263.480 266.816 264.277 271.026 272.288 265.773 270.687 276.389 268.638 265.107 269.820 275.630 267.876 273.144 274.823 278.555 279.918 273.967 276.551 281.059 284.384 285.256 282.542 281.828 281.319 278.070 275.394 274.080 277.043 278.728 278.975 277.900 275.249 276.442 271.741 268.121 266.629 -999.000 -999.000 -999.000 -999.000 -999.000 -999.000 -999.000 -999.000 -999.000 -999.000 -999.000 -999.000 -999.000 -999.000
271.582 279.643 279.207 276.928 272.601 271.307 270.157 272.629 270.386 268.065 268.282 272.633 277.974 278.350 268.766 266.093 271.113 264.975 272.580 271.732 264.674 271.016 278.321 270.294 265.565 268.442 276.585 270.480 272.347 278.246 280.231 281.118 274.660 279.501 283.278 285.850 281.851 277.064 276.861 276.046 275.108 269.011 267.968 272.271 276.613 278.766 273.902 272.109 273.229 270.783 266.544 266.573 -999.000 -999.000 -999.000 -999.000 -999.000 -999.000 -999.000 -999.000 -999.000 -999.000 -999.000 -999.000 -999.000 -999.000
275.286 280.142 282.577 278.374 277.224 272.874 271.283 274.709 270.460 269.679 271.415 275.009 280.415 278.829 270.531 269.797 272.793 266.928 275.457 272.325 267.011 272.745 279.653 272.673 270.091 266.771 275.596 272.424 271.282 276.374 282.780 282.270 279.897 283.698 285.917 281.030 277.622 276.187 271.340 269.030 271.558 268.456 271.168 272.383 274.592 277.212 271.713 267.905 269.125 269.007 268.531 -999.000 -999.000 -999.000 -999.000 -999.000 -999.000 -999.000 -999.000 -999.000 -999.000 -999.000 -999.000 -999.000 -999.000 -999.000
274.160 277.046 283.827 281.427 277.023 274.780 274.746 276.226 273.787 273.572 274.643 276.609 284.268 276.666 271.668 273.243 276.281 273.504 277.622 273.772 272.046 273.298 280.846 273.667 269.191 268.153 273.093 275.536 271.532 276.962 283.536 282.416 285.143 285.852 282.238 280.083 276.497 272.186 267.951 265.840 266.884 269.986 273.989 271.658 275.126 276.636 271.308 269.481 266.443 -999.000 -999.000 -999.000 -999.000 -999.000 -999.000 -999.000 -999.000 -999.000 -999.000 -999.000 -999.000 -999.000 -999.000 -999.000 -999.000 -999.000
279.737 280.826 284.456 283.156 280.099 278.280 279.067 280.278 277.239 277.868 277.222 279.612 285.949 277.589 278.071 277.606 275.589 280.870 277.077 276.446 274.957 275.769 282.052 275.495 273.466 272.811 273.133 279.995 276.751 279.980 285.559 286.441 286.630 284.363 281.205 275.184 273.256 267.951 266.160 267.869 269.791 272.502 270.367 270.441 273.644 269.194 273.665 266.055 264.739 -999.000 -999.000 -999.000 -999.000 -999.000 -999.000 -999.000 -999.000 -999.000 -999.000 -999.000 -999.000 -999.000 -999.000 -999.000 -999.000 -999.000
284.255 285.112 286.234 285.303 284.100 282.512 281.199 281.177 281.061 282.469 281.739 283.418 284.083 283.862 283.089 282.480 283.142 283.421 280.893 280.420 281.161 280.517 283.888 278.070 277.124 277.237 277.764 280.785 281.101 283.567 286.835 286.793 284.734 283.991 281.819 274.872 269.209 268.482 268.871 267.134 267.783 269.242 266.954 269.527 272.030 266.002 270.931 267.388 -999.000 -999.000 -999.000 -999.000 -999.000 -999.000 -999.000 -999.000 -999.000 -999.000 -999.000 -999.000 -999.000 -999.000 -999.000 -999.000 -999.000 -999.000
287.596 288.036 287.862 287.581 287.574 285.137 285.282 286.131 287.449 287.467 287.478 287.460 287.439 287.440 287.376 287.331 286.891 286.260 285.708 284.603 285.064 285.635 283.526 280.922 280.786 280.193 281.533 283.359 286.850 286.906 286.624 286.169 284.618 283.082 278.848 275.335 270.471 273.001 269.808 268.232 269.001 266.302 267.137 266.594 270.714 266.560 265.226 268.039 -999.000 -999.000 -999.000 -999.000 -999.000 -999.000 -999.000 -999.000 -999.000 -999.000 -999.000 -999.000 -999.000 -999.000 -999.000 -999.000 -999.000 -999.000
