tests/2D_interpolations/2009-01-19T12.00_HNW_ref.asc
ncols               386
nrows               229
xllcorner    479497.492
yllcorner     73502.967
cellsize       1000.000
NODATA_value -999
[rows 165 to 197 of 229, columns 73 to 145 of 386]
2.480 2.493 2.624 2.654 2.658 2.656 2.656 2.658 2.661 1.951 1.183 1.202 1.018 0.974 0.236 0.192 0.857 0.887 0.419 0.808 1.192 0.861 0.355 0.442 0.035 0.000 0.195 0.288 0.344 0.495 0.872 0.428 0.796 1.236 1.519 1.203 0.689 0.249 0.381 0.590 0.383 0.504 0.000 0.000 0.051 0.147 0.000 0.000 0.000 0.000 0.000 0.000 0.000 0.000 0.000 0.000 0.000 0.000 0.000 0.000 0.000 1.160 1.135 0.723 0.329 0.000 0.000 0.000 0.000 0.000 0.136 1.169 0.902
1.645 1.992 2.335 2.643 2.649 2.650 2.648 2.652 2.466 1.411 1.071 0.882 0.695 0.088 0.000 0.663 0.898 1.234 1.166 1.213 1.054 0.576 0.006 0.165 0.323 0.299 0.000 0.128 0.202 0.456 0.462 0.746 1.184 1.362 1.241 1.362 0.420 0.000 0.000 0.664 0.000 0.000 0.000 0.000 0.000 0.000 0.000 0.000 0.000 0.000 0.000 0.000 0.000 0.000 0.000 0.000 0.000 0.000 0.000 0.000 0.318 1.237 1.074 0.222 0.000 0.000 0.000 0.000 0.000 0.000 0.252 1.215 0.714
0.655 0.688 1.512 2.376 2.642 2.642 2.642 2.644 2.413 1.519 0.944 0.759 0.936 0.365 0.407 0.800 1.078 1.446 1.445 1.520 1.246 1.090 0.948 0.886 0.971 0.811 0.703 0.772 0.501 0.240 0.671 1.048 1.294 0.807 0.292 0.469 0.504 0.000 0.000 0.271 0.045 0.000 0.000 0.000 0.000 0.000 0.000 0.000 0.000 0.000 0.000 0.000 0.000 0.000 0.000 0.000 0.000 0.000 0.000 0.424 0.982 1.402 0.580 0.017 0.000 0.000 0.000 0.000 0.000 0.000 0.170 1.246 0.838
0.440 1.185 1.853 2.116 2.632 2.634 2.637 2.639 2.642 2.266 1.336 1.485 1.338 0.652 0.575 1.128 1.503 1.853 1.901 1.682 1.721 1.642 1.514 1.515 1.468 1.410 1.146 0.951 0.885 0.880 1.050 1.079 0.961 0.000 0.000 0.000 0.242 0.000 0.000 0.000 0.000 0.000 0.000 0.000 0.000 0.458 0.543 0.000 0.000 0.000 0.000 0.000 0.000 0.000 0.337 0.140 0.000 0.000 0.000 0.017 1.216 1.156 0.823 0.187 0.001 0.000 0.210 0.000 0.000 0.000 0.239 1.038 1.102
0.958 1.064 0.896 1.340 1.973 2.628 2.632 2.633 2.637 2.531 1.857 1.825 1.278 0.538 0.937 1.343 1.631 1.725 1.245 1.291 1.152 1.217 1.225 1.256 1.279 1.521 1.462 1.274 1.217 0.750 0.391 0.111 0.355 0.097 0.000 0.040 0.091 0.000 0.000 0.000 0.000 0.000 0.000 0.000 0.000 0.000 0.590 0.622 0.542 0.163 0.341 0.000 0.178 0.000 0.052 0.832 0.353 0.152 0.000 0.572 1.296 1.662 1.044 0.878 0.239 0.009 0.523 0.000 0.000 0.055 0.595 1.403 1.176
0.645 1.167 1.623 1.771 2.387 2.620 2.623 2.627 2.630 2.628 2.226 2.035 1.119 1.203 1.348 1.453 2.095 1.746 1.035 1.026 0.672 0.650 0.433 0.697 0.815 1.249 1.442 0.722 0.333 0.098 0.000 0.000 0.251 0.000 0.000 0.000 0.027 0.000 0.000 0.000 0.000 0.000 0.000 0.000 0.000 0.298 0.236 1.007 0.723 0.645 0.000 0.058 0.226 0.370 0.592 0.807 0.815 0.636 0.600 0.411 0.843 1.852 1.502 0.854 0.527 0.528 0.753 0.398 0.372 0.538 0.836 1.978 0.858
1.097 0.951 1.485 1.718 2.089 2.614 2.619 2.621 2.620 2.619 2.569 2.293 1.614 1.605 1.793 2.355 1.572 1.437 0.239 0.457 0.560 0.582 0.511 0.679 0.876 0.950 1.230 0.610 0.000 0.000 0.000 0.000 0.000 0.000 0.000 0.000 0.000 0.000 0.000 0.000 0.000 0.000 0.000 0.000 0.000 0.000 0.380 0.735 1.374 0.368 0.105 0.530 0.672 0.959 1.175 1.224 1.505 1.267 1.398 1.243 1.409 1.951 1.763 1.315 1.051 1.173 1.358 0.914 1.013 0.924 1.284 2.230 0.998
0.792 0.810 0.945 1.268 1.658 2.569 2.611 2.611 2.610 2.610 2.600 2.562 2.200 2.309 2.102 1.687 1.122 0.760 0.398 0.520 0.323 0.538 0.589 0.705 0.601 0.703 0.874 1.036 0.000 0.000 0.000 0.000 0.000 0.000 0.000 0.020 0.169 0.051 0.000 0.000 0.066 0.000 0.000 0.000 0.000 0.328 0.489 1.038 1.352 0.542 0.621 0.765 1.140 1.585 1.897 1.868 1.918 2.081 2.004 1.918 2.049 2.220 2.086 1.913 1.683 1.493 1.496 1.484 1.699 1.597 1.852 1.957 1.930
0.570 0.975 1.257 1.408 1.845 2.347 2.596 2.600 2.604 2.609 2.603 2.582 2.439 1.948 1.859 1.464 0.818 0.820 1.037 0.701 0.824 0.951 0.992 0.773 0.499 0.450 0.000 0.000 0.000 0.000 0.000 0.000 0.000 0.000 0.000 0.000 0.541 0.838 0.291 0.342 0.258 0.000 0.533 0.000 0.364 0.707 1.159 1.639 1.392 0.964 1.000 1.187 1.349 1.670 1.939 2.272 2.278 2.452 2.442 2.418 2.488 2.466 2.429 2.432 2.076 2.103 2.234 2.435 2.443 2.450 2.454 2.457 2.463
-999.000 0.677 0.894 1.097 1.756 1.993 2.585 2.599 2.600 2.604 2.605 2.598 2.448 2.247 1.955 1.249 1.234 1.349 1.209 0.978 1.167 0.964 0.699 0.597 0.125 0.000 0.000 0.000 0.000 0.000 0.364 0.000 0.000 0.000 0.032 0.000 0.238 0.913 0.988 0.811 0.000 0.000 0.709 0.354 0.755 1.183 1.568 1.833 1.254 1.124 1.183 1.421 1.841 2.018 2.216 2.417 2.490 2.515 2.510 2.508 2.464 2.370 2.308 2.350 2.435 2.445 2.444 2.438 2.447 2.448 2.371 2.118 2.030
-999.000 -999.000 -999.000 0.670 1.273 1.328 2.409 2.588 2.594 2.599 2.602 2.600 2.592 2.525 2.011 1.544 1.654 1.608 1.263 1.280 0.973 0.692 0.358 0.242 0.841 0.662 0.265 0.035 0.000 0.378 0.615 0.932 1.054 0.673 0.000 0.000 0.173 0.566 1.144 1.117 0.000 0.365 0.963 0.645 1.122 1.388 1.827 1.640 1.309 1.261 1.387 1.560 1.968 2.364 2.474 2.495 2.535 2.517 2.481 2.237 2.210 2.200 2.154 2.248 2.349 2.367 2.319 1.946 1.900 1.592 1.626 1.374 1.222
-999.000 -999.000 -999.000 0.429 1.029 1.130 2.145 2.575 2.583 2.586 2.591 2.593 2.589 2.568 2.212 1.883 2.066 1.758 1.538 1.329 1.295 1.162 1.134 1.214 0.996 0.204 0.318 0.160 0.254 0.662 1.020 1.242 0.858 0.000 0.000 0.143 0.336 0.844 1.209 1.336 0.402 0.651 1.309 1.184 1.450 1.690 2.024 1.867 1.490 1.585 1.771 1.915 2.311 2.520 2.547 2.508 2.465 1.836 1.582 1.290 0.582 1.579 1.678 1.234 1.849 1.814 1.489 1.648 1.799 1.096 0.890 0.706 0.906
-999.000 -999.000 -999.000 0.623 0.949 0.871 1.719 2.369 2.553 2.581 2.586 2.591 2.574 2.545 2.439 2.370 1.903 1.549 1.413 1.756 1.457 1.095 0.873 0.493 0.000 0.147 0.206 0.040 0.000 0.561 0.932 1.240 0.976 0.076 0.000 0.281 0.836 1.397 1.559 1.147 0.917 1.347 1.661 1.487 1.701 1.954 2.173 1.604 1.811 2.162 2.199 2.408 2.552 2.555 2.555 2.435 1.828 1.125 0.549 0.394 1.299 1.033 0.994 0.533 0.922 0.854 0.673 1.279 1.279 0.329 0.000 0.144 0.502
-999.000 -999.000 -999.000 0.647 0.712 0.500 1.119 1.928 2.103 2.564 2.576 2.580 2.558 2.533 2.463 2.404 2.340 2.011 2.094 1.512 0.838 0.667 0.560 0.207 0.583 0.103 0.000 0.000 0.000 0.625 0.002 0.913 1.534 0.337 0.169 0.658 1.194 1.516 2.021 1.089 1.382 1.673 1.860 1.824 1.977 2.286 2.129 1.908 2.283 2.544 2.562 2.562 2.555 2.525 1.952 1.976 1.994 1.386 1.403 0.679 0.000 0.000 0.547 0.000 0.347 0.000 0.137 0.812 1.424 0.393 0.000 0.000 0.200
-999.000 -999.000 0.466 0.405 0.233 0.458 0.895 1.448 2.078 2.539 2.559 2.571 2.576 2.558 2.345 2.258 2.276 1.704 1.579 1.797 1.591 1.438 0.798 0.883 0.237 0.000 0.000 0.000 0.405 0.079 0.000 0.963 1.590 0.489 0.456 1.165 1.601 1.881 1.648 1.685 1.734 1.957 2.107 2.029 2.147 2.534 2.409 2.545 2.569 2.550 2.566 2.427 2.342 2.017 1.384 1.498 2.100 1.791 1.265 0.331 0.000 0.000 0.000 0.000 0.000 0.000 0.000 0.372 1.084 0.415 0.000 0.000 0.000
-999.000 0.760 0.754 0.596 0.716 0.680 0.809 1.559 2.101 2.444 2.542 2.566 2.570 2.570 2.554 2.523 2.113 1.307 1.123 1.139 1.174 0.946 0.930 0.394 0.000 0.000 0.000 0.000 0.000 0.000 0.094 0.811 1.542 1.230 1.037 1.336 1.796 2.313 2.004 2.016 2.092 2.165 2.161 2.369 2.566 2.567 2.568 2.572 2.505 2.403 2.113 1.952 1.584 1.360 1.104 1.428 1.362 2.173 1.131 0.692 0.273 0.000 0.000 0.000 0.000 0.000 0.000 0.376 1.052 0.000 0.000 0.000 0.000
0.600 0.735 1.108 1.166 1.075 1.262 1.110 1.744 2.195 2.112 2.284 2.187 2.569 2.572 2.517 2.438 2.198 1.335 0.840 0.738 0.368 1.011 0.198 0.000 0.000 0.000 0.000 0.000 0.000 0.000 0.000 0.506 1.376 1.764 1.618 1.881 2.101 2.379 2.111 2.226 2.185 2.463 2.556 2.568 2.568 2.571 2.478 1.971 1.940 1.710 1.525 1.232 1.375 0.708 0.556 1.154 0.890 1.837 1.514 0.623 0.033 0.000 0.000 0.000 0.000 0.000 0.000 0.000 0.842 0.000 0.000 0.000 0.000
0.529 1.028 0.613 0.594 0.624 0.949 1.583 2.074 1.829 1.576 1.708 1.584 2.378 2.533 2.373 2.323 1.993 0.850 0.661 0.251 0.302 1.013 0.000 0.000 0.000 0.000 0.193 0.047 0.448 0.000 0.000 0.928 1.533 1.873 2.040 2.349 2.439 2.525 2.521 2.222 2.549 2.543 2.572 2.564 2.554 2.406 1.553 1.443 1.377 1.170 0.737 0.784 1.399 0.529 0.019 0.368 1.013 1.610 1.455 0.590 0.087 0.000 0.000 0.000 0.000 0.000 0.000 0.000 0.777 0.000 0.000 0.000 0.000
0.706 0.681 0.340 0.675 0.975 1.390 1.970 1.649 1.420 0.874 1.187 1.528 2.017 2.179 2.553 2.427 1.284 0.681 0.358 0.000 0.438 0.795 0.000 0.000 0.000 0.000 0.659 0.904 1.269 1.551 1.402 0.987 1.922 2.049 2.554 2.564 2.558 2.550 2.542 2.570 2.576 2.572 2.561 2.387 2.090 2.284 1.505 0.949 0.812 0.846 0.260 0.165 0.833 0.634 0.000 0.025 0.591 1.281 1.635 0.920 0.547 0.262 0.000 0.000 0.000 0.000 0.000 0.032 0.728 0.087 0.000 0.000 0.000
0.676 0.420 0.482 0.813 0.917 1.504 1.800 1.457 0.761 0.588 0.658 1.442 1.900 2.514 2.561 2.087 1.264 1.021 0.000 0.000 0.082 0.000 0.000 0.000 0.510 0.320 0.678 1.327 1.774 1.934 1.953 1.358 1.963 2.534 2.551 2.568 2.569 2.572 2.573 2.577 2.416 2.120 1.929 1.781 1.938 2.418 1.486 1.026 0.573 0.247 0.000 0.000 0.518 0.279 0.000 0.000 0.472 0.995 1.612 1.229 0.631 0.433 0.000 0.000 0.000 0.000 0.000 0.152 0.520 0.000 0.000 0.000 0.000
0.335 0.118 0.412 0.715 1.258 1.764 1.422 1.041 0.607 0.408 0.793 1.367 1.749 2.509 2.549 2.266 1.362 0.545 0.000 0.000 0.000 0.000 0.000 0.000 0.345 0.974 1.245 1.262 1.534 1.742 2.248 2.341 2.493 2.559 2.562 2.567 2.569 2.573 2.333 2.067 1.805 1.574 1.392 1.378 1.732 2.283 1.607 1.030 0.600 0.170 0.000 0.000 0.000 0.000 0.000 0.000 0.029 0.609 1.373 1.315 0.568 0.000 0.000 0.000 0.000 0.000 0.000 0.544 0.000 0.000 0.000 0.000 0.000
0.104 0.170 0.383 0.783 1.385 1.780 1.128 1.109 0.237 0.329 1.159 1.064 0.925 2.001 2.471 2.504 1.634 1.062 0.173 0.000 0.000 0.000 0.000 0.001 0.207 0.658 1.336 1.450 1.847 1.745 2.379 2.434 2.516 2.565 2.565 2.382 2.044 1.854 2.100 1.463 1.215 1.030 0.905 0.968 1.482 2.312 1.572 1.178 0.949 0.771 0.068 0.000 0.000 0.000 0.000 0.000 0.000 0.535 1.157 1.252 0.450 0.000 0.000 0.000 0.000 0.000 0.000 0.574 0.000 0.000 0.000 0.000 0.000
0.468 0.751 0.877 1.074 1.534 1.455 0.600 0.277 0.477 0.000 0.536 0.094 0.865 1.416 2.314 2.449 2.210 1.337 0.842 0.047 0.000 0.000 0.000 0.000 0.374 0.487 1.140 1.896 2.252 2.527 2.510 2.521 2.560 2.558 2.046 1.534 1.382 1.689 1.922 1.485 0.847 0.419 0.343 0.666 1.284 2.118 1.783 1.263 0.837 0.345 0.000 0.000 0.000 0.000 0.000 0.000 0.000 0.385 1.006 1.362 0.649 0.000 0.000 0.000 0.000 0.000 0.000 0.512 0.000 0.000 0.000 0.000 0.000
0.449 0.213 0.886 1.502 1.532 0.813 0.715 0.000 0.000 0.000 0.000 0.345 1.320 1.725 1.875 2.489 2.379 1.419 0.334 0.129 0.000 0.000 0.000 0.182 0.811 0.378 1.374 2.114 2.542 2.558 2.558 2.554 2.429 1.675 1.345 1.106 1.100 1.103 1.693 1.182 1.168 0.355 0.215 0.616 1.257 1.946 2.098 1.239 0.671 0.102 0.000 0.000 0.000 0.000 0.000 0.000 0.006 0.779 1.021 1.174 1.062 0.439 0.007 0.000 0.000 0.000 0.000 0.033 0.000 0.000 0.000 0.000 0.000
0.365 0.710 1.200 1.386 0.904 0.327 0.000 0.000 0.000 0.000 0.134 0.928 1.078 0.722 1.815 2.510 2.517 1.702 0.504 0.000 0.000 0.205 0.094 0.988 1.295 1.433 2.320 2.554 2.555 2.556 2.559 2.373 1.521 0.883 0.753 0.604 0.533 1.048 1.403 0.739 0.339 0.128 0.086 0.810 1.576 1.664 1.757 1.718 1.083 0.703 0.000 0.000 0.000 0.000 0.000 0.000 0.042 0.907 0.215 0.515 1.061 0.486 0.000 0.000 0.000 0.000 0.000 0.000 0.000 0.000 0.000 0.000 0.000
0.890 0.971 1.313 1.406 0.489 0.000 0.000 0.000 0.000 0.000 0.000 0.108 0.444 0.479 1.226 2.286 2.517 1.952 0.980 0.268 0.000 0.908 1.262 1.746 2.086 2.361 2.551 2.553 2.556 2.561 2.289 1.444 1.752 0.933 0.727 0.035 0.000 0.781 1.069 0.248 0.000 0.000 0.159 1.145 1.563 1.059 1.377 1.751 1.492 0.695 0.124 0.000 0.000 0.000 0.000 0.000 0.084 0.527 0.000 0.000 0.518 1.037 0.061 0.000 0.000 0.000 0.000 0.000 0.000 0.000 0.000 0.000 0.000
0.847 0.951 0.575 0.885 0.656 0.000 0.000 0.000 0.000 0.126 0.077 0.000 0.000 0.000 1.043 2.020 2.518 2.061 1.281 0.280 0.793 1.673 2.017 2.461 2.545 2.543 2.551 2.550 2.501 2.149 1.521 1.109 1.474 1.502 0.711 0.292 0.000 0.549 0.896 0.233 0.000 0.000 0.048 1.120 1.051 0.374 0.612 1.001 1.710 1.107 0.621 0.234 0.000 0.000 0.000 0.000 0.000 0.363 0.000 0.000 0.000 0.876 0.196 0.000 0.000 0.000 0.000 0.000 0.000 0.000 0.000 0.000 0.000
0.281 0.060 0.000 0.016 0.320 0.000 0.000 0.000 0.000 0.264 0.271 0.223 0.957 1.087 1.240 1.873 2.516 2.498 1.600 0.794 1.477 2.108 2.481 2.544 2.541 2.537 2.344 2.230 2.012 1.498 1.053 0.811 1.046 0.817 0.915 0.269 0.000 0.295 0.611 0.000 0.000 0.000 0.000 0.959 0.916 0.085 0.000 0.174 1.003 1.576 0.729 0.000 0.000 0.000 0.000 0.000 0.000 0.115 0.000 0.000 0.000 0.692 0.560 0.000 0.000 0.000 0.000 0.000 0.000 0.000 0.000 0.000 0.000
-999.000 -999.000 -999.000 0.077 0.020 0.000 0.000 0.000 0.000 0.243 0.000 0.000 0.000 0.105 0.699 1.735 2.326 2.523 2.301 1.572 2.247 2.515 2.541 2.547 2.551 2.438 1.724 1.703 1.092 0.771 0.270 0.307 0.670 0.346 0.253 0.164 0.000 0.328 0.449 0.000 0.000 0.000 0.197 0.870 0.687 0.180 0.000 0.000 0.544 1.119 1.116 0.285 0.000 0.000 0.000 0.000 0.000 0.000 0.000 0.000 0.000 0.353 0.758 0.004 0.000 0.000 0.000 0.000 0.000 0.000 0.000 0.000 0.000
-999.000 -999.000 -999.000 -999.000 -999.000 -999.000 0.000 0.000 0.000 0.000 0.000 0.000 0.077 0.501 1.299 1.766 2.142 2.523 2.524 2.476 2.533 2.539 2.544 2.548 2.518 1.869 1.223 1.252 0.591 0.159 0.000 0.024 0.140 0.514 0.000 0.000 0.000 0.407 0.215 0.000 0.000 0.000 0.027 0.758 0.588 0.000 0.000 0.000 0.000 0.608 1.152 1.056 0.307 0.000 0.000 0.000 0.000 0.000 0.000 0.000 0.000 0.273 0.831 0.050 0.000 0.000 0.000 0.000 0.000 0.000 0.000 0.000 0.000
-999.000 -999.000 -999.000 -999.000 -999.000 -999.000 0.000 0.000 0.000 0.203 0.251 0.145 0.232 1.077 1.622 2.269 1.338 2.384 2.523 2.526 2.535 2.540 2.546 2.432 1.741 0.968 0.646 0.357 0.000 0.060 0.206 0.393 0.000 0.055 0.000 0.000 0.000 0.082 0.194 0.000 0.000 0.000 0.000 0.282 0.777 0.000 0.000 0.000 0.042 0.641 0.750 1.296 0.740 0.278 0.000 0.000 0.000 0.000 0.000 0.000 0.000 0.000 0.796 0.000 0.000 0.000 0.000 0.000 0.000 0.000 0.000 0.000 0.000
-999.000 -999.000 -999.000 -999.000 -999.000 0.000 0.190 0.000 0.000 0.000 0.000 0.000 1.134 1.482 2.147 1.144 0.789 1.501 2.097 2.519 2.530 2.540 2.254 1.628 0.980 0.719 0.964 1.285 0.519 0.546 0.829 0.852 0.333 0.000 0.000 0.000 0.000 0.000 0.026 0.000 0.000 0.000 0.000 0.118 0.779 0.043 0.000 0.000 0.117 0.000 0.352 1.006 1.244 0.670 0.042 0.000 0.000 0.000 0.000 0.000 0.000 0.000 0.586 0.019 0.000 0.000 0.000 0.000 0.000 0.000 0.000 0.000 0.266
-999.000 -999.000 -999.000 -999.000 -999.000 0.000 0.268 0.108 0.000 0.000 0.003 0.266 0.996 1.956 1.101 0.658 1.189 1.888 2.490 2.508 2.167 1.713 1.238 0.970 0.752 1.159 1.437 1.705 1.086 1.295 1.115 0.997 0.539 0.000 0.000 0.000 0.000 0.000 0.000 0.000 0.000 0.000 0.000 0.000 0.637 0.137 0.000 0.000 0.000 0.000 0.000 0.338 1.259 0.861 0.189 0.000 0.000 0.000 0.000 0.000 0.000 0.000 0.211 0.358 0.000 0.000 0.000 0.000 0.000 0.000 0.000 0.000 0.000
