tests/2D_interpolations/2009-01-19T12.00_TA_ref.asc
ncols               386
nrows               229
xllcorner    479497.492
yllcorner     73502.967
cellsize       1000.000
NODATA_value -999
[rows 116 to 144 of 229, columns 264 to 329 of 386]
284.021 284.553 283.823 284.025 285.463 285.657 285.723 286.327 282.480 279.317 276.207 275.764 274.218 271.556 274.808 279.015 281.638 277.922 273.988 272.779 272.842 274.807 276.653 273.561 271.184 270.966 271.513 272.181 273.805 278.639 274.657 273.491 271.525 269.851 269.386 269.487 271.209 273.557 276.256 277.155 276.548 273.877 270.999 270.908 274.467 271.183 268.988 266.063 264.693 267.464 271.499 267.185 268.225 269.118 266.710 266.870 265.965 262.509 267.628 271.389 265.814 265.926 272.178 271.742 269.446 270.927
283.465 284.801 282.502 283.484 282.952 284.965 285.965 281.011 277.812 276.219 272.385 272.245 272.613 270.948 273.112 277.279 281.576 277.935 273.896 271.306 269.389 270.116 273.395 272.533 268.013 268.617 271.008 273.464 275.488 277.906 273.212 271.807 268.597 267.031 266.621 269.045 271.496 275.426 277.207 273.819 273.505 276.729 272.703 268.544 270.314 273.695 270.758 268.910 265.807 267.656 268.384 263.896 269.698 266.524 264.570 267.327 268.573 265.166 266.875 274.466 268.869 270.732 272.926 273.825 273.880 274.088
281.450 283.209 283.336 279.152 278.847 283.758 284.912 282.986 280.309 276.927 275.209 274.270 273.011 270.978 271.815 275.314 279.692 277.875 274.778 272.936 269.689 267.929 272.479 271.214 268.342 270.653 272.525 274.751 275.938 275.172 272.260 269.986 267.061 268.271 268.436 270.004 272.056 277.019 275.958 272.271 268.337 272.413 276.084 271.389 268.124 269.336 272.459 269.044 266.576 267.780 267.254 265.972 269.473 266.351 266.063 265.592 269.736 271.417 271.096 271.480 274.733 276.323 277.136 276.566 276.755 277.890
277.375 281.978 285.074 279.226 274.991 280.835 285.038 286.111 278.450 277.749 278.917 275.796 271.157 269.401 272.700 276.171 279.113 279.686 277.221 274.029 268.294 268.398 272.217 267.217 270.417 272.328 274.070 275.291 276.197 272.918 267.143 266.957 266.129 269.009 271.354 272.537 274.987 277.179 273.472 271.073 267.198 269.735 274.093 274.083 268.925 266.810 269.876 270.927 267.538 265.472 265.317 267.888 269.266 270.853 268.229 266.790 264.791 269.500 276.267 276.189 278.569 278.656 277.963 277.941 277.137 277.485
277.895 279.787 281.787 280.376 274.167 278.818 280.096 283.723 283.730 281.370 280.130 278.109 273.246 268.959 272.489 273.037 274.238 277.273 277.860 275.322 270.186 266.795 269.513 268.816 270.874 272.983 272.816 273.214 274.665 266.470 269.266 265.514 269.663 269.669 271.110 275.182 277.376 275.952 275.976 272.405 269.073 266.581 270.407 274.962 272.153 267.489 268.316 269.985 267.009 262.143 266.464 263.873 266.379 270.021 270.718 270.897 270.608 272.915 276.945 277.428 277.013 274.227 273.967 271.744 274.191 270.351
272.295 276.087 281.883 281.241 274.766 275.396 280.056 285.159 285.903 284.327 280.610 278.111 276.184 271.419 268.034 270.828 273.697 276.064 277.397 275.757 270.988 266.492 265.488 267.294 270.566 271.005 268.117 274.835 272.010 269.707 267.547 267.697 268.243 270.864 274.951 276.984 276.463 273.001 273.639 274.983 271.225 268.413 269.706 270.261 274.560 270.150 266.705 268.718 267.412 264.284 268.487 267.475 272.016 274.302 272.583 274.841 276.431 277.335 277.940 274.418 270.624 268.241 271.916 266.369 271.625 268.080
270.761 273.935 277.711 283.049 275.086 275.647 279.642 283.887 285.972 284.529 283.207 277.865 276.782 276.294 270.217 269.225 273.192 275.709 276.800 274.592 271.352 265.998 266.106 269.700 269.872 267.593 272.163 270.045 269.117 269.708 267.440 269.870 272.725 273.670 275.560 277.837 274.621 271.753 271.571 275.382 272.034 268.677 267.979 266.138 272.097 272.594 267.875 263.702 267.230 269.568 270.673 272.984 270.045 268.192 265.092 266.982 268.263 272.457 278.282 273.497 267.829 266.113 269.987 264.432 269.373 265.260
272.914 275.345 278.647 279.403 274.544 275.716 279.186 282.794 285.986 285.399 284.123 280.026 276.860 273.163 269.678 271.086 273.959 277.008 277.127 273.722 269.701 263.982 265.225 264.721 266.474 268.699 271.932 267.319 265.462 265.159 268.785 269.129 269.026 271.578 275.082 277.259 273.757 270.369 268.907 272.682 273.580 270.073 265.630 269.331 269.654 273.291 268.790 263.942 265.626 267.320 267.700 271.615 266.476 266.431 264.750 266.105 268.672 274.467 278.168 272.905 267.679 265.298 265.954 265.754 264.986 264.237
273.917 278.368 280.032 275.674 272.051 275.494 279.084 282.545 285.922 285.783 284.763 281.331 276.858 271.849 269.355 271.795 275.215 277.355 276.970 274.532 268.777 267.462 265.781 266.886 268.387 270.646 266.612 265.168 267.642 271.151 272.268 269.423 271.935 270.489 277.043 275.511 272.583 269.280 266.442 269.150 274.066 270.197 267.708 269.002 267.801 272.416 271.364 265.604 264.951 264.649 266.968 269.480 266.149 265.417 267.251 268.943 273.622 275.868 277.024 272.176 267.232 264.361 265.064 263.034 265.025 267.594
274.545 280.351 276.342 271.376 273.625 275.560 278.632 282.078 285.821 285.842 285.099 283.040 275.575 276.093 272.277 271.834 275.330 276.909 277.622 275.690 271.886 269.201 265.828 267.658 266.362 266.855 266.247 266.352 269.741 272.577 272.535 273.832 273.928 274.955 278.655 274.638 269.228 269.402 264.042 268.583 273.176 271.367 267.854 265.674 266.148 268.776 272.253 268.254 266.467 266.265 269.925 265.837 265.611 265.152 265.566 270.915 268.087 272.743 276.626 276.541 272.225 267.752 266.008 266.125 268.974 267.608
276.340 280.442 273.814 271.674 274.530 276.384 278.760 281.407 284.579 285.719 285.511 283.076 280.686 277.569 272.810 272.017 275.104 276.114 278.218 275.854 267.581 268.334 266.083 269.082 268.469 270.698 271.299 272.398 272.538 273.103 277.521 277.171 274.726 277.875 277.338 275.142 271.641 266.390 265.765 266.758 271.435 272.317 272.010 268.383 265.574 266.600 269.684 269.609 266.310 267.161 267.612 265.566 263.011 265.403 267.115 266.294 267.621 270.683 275.861 277.996 274.001 270.620 269.747 271.434 269.803 264.539
277.330 278.219 274.373 272.103 274.270 276.588 279.691 282.450 284.340 285.562 285.678 284.528 281.819 279.778 275.312 272.441 274.643 277.523 278.378 276.187 269.297 265.967 268.331 269.150 272.699 272.674 275.391 275.797 273.679 274.771 278.237 279.259 278.164 276.260 272.077 274.574 271.404 269.712 265.849 265.777 270.151 269.074 268.612 269.937 266.660 265.368 267.946 265.481 265.645 264.832 265.855 264.328 263.424 265.311 266.246 266.514 265.170 270.119 275.591 277.861 277.553 276.819 274.600 272.859 270.020 268.774
277.976 275.217 270.851 272.920 274.691 276.620 278.661 280.918 283.455 285.160 285.506 283.691 285.352 281.518 280.544 276.868 279.224 280.859 278.190 276.803 271.761 266.929 270.858 270.495 275.795 275.619 275.369 277.058 276.806 279.309 280.920 277.273 275.160 274.018 268.560 272.408 270.746 267.541 266.882 268.421 267.518 264.064 264.780 268.239 265.279 264.842 266.587 263.542 263.598 262.286 262.681 263.183 264.099 263.509 264.901 270.555 269.842 273.255 277.564 275.748 273.310 274.774 274.871 274.813 272.447 272.451
279.227 273.515 272.553 274.018 276.024 277.576 279.497 281.471 284.359 284.232 281.126 280.031 281.545 282.132 284.125 280.540 282.489 279.070 278.324 278.365 275.177 271.060 273.051 274.903 277.165 275.428 277.232 279.652 281.242 281.159 277.159 273.499 272.793 270.818 266.906 269.964 270.564 268.347 265.369 265.841 263.947 267.226 266.388 264.785 263.673 265.592 268.130 264.455 266.238 262.832 265.243 265.925 267.300 266.695 267.080 269.861 275.058 277.395 276.182 271.764 272.238 271.019 271.028 274.203 273.748 272.700
278.817 271.609 273.222 275.967 277.818 279.169 281.329 280.664 278.633 281.973 284.639 276.465 273.346 275.222 279.572 281.553 284.577 282.692 279.695 279.578 278.121 274.952 277.196 279.864 280.124 280.724 280.992 282.529 280.859 277.668 273.176 269.186 266.794 266.122 265.370 268.585 265.165 267.762 266.311 263.419 266.507 267.899 264.438 266.976 265.870 269.154 270.672 268.765 266.135 263.915 266.599 268.280 265.045 268.647 272.679 274.739 277.004 276.267 272.908 268.361 270.998 273.348 268.179 269.873 275.431 274.100
276.767 275.609 272.891 273.742 276.913 278.398 278.241 276.784 276.657 280.155 283.848 278.773 275.308 274.793 279.256 277.926 279.565 282.142 282.334 281.966 280.770 280.850 281.632 281.822 281.661 282.773 282.909 280.173 281.459 278.960 273.607 271.645 270.700 268.902 267.165 269.353 270.555 267.821 264.292 267.938 270.405 267.480 263.855 267.914 269.571 267.930 268.310 272.578 266.869 265.711 263.891 267.043 271.189 268.074 273.012 276.311 275.250 271.144 273.262 268.878 269.340 274.184 268.519 268.519 274.488 275.807
270.941 273.465 272.994 272.831 273.602 275.009 271.818 270.294 273.456 277.743 280.148 276.341 272.001 272.644 274.846 273.035 276.020 278.570 280.987 283.488 283.791 283.360 282.916 282.603 281.266 280.488 277.750 277.053 277.502 281.716 279.620 276.197 275.099 273.724 272.677 270.645 265.816 265.548 268.181 270.859 269.479 266.675 264.091 267.859 265.047 263.497 266.914 271.550 273.345 270.508 269.070 267.464 267.365 272.367 275.389 276.200 272.438 270.190 272.512 266.451 269.933 270.964 270.584 266.685 270.335 276.120
267.801 271.284 270.601 267.170 266.958 268.432 271.035 272.620 275.081 276.591 283.701 278.609 271.077 269.587 271.354 271.756 274.766 276.465 278.705 281.468 281.459 279.089 277.389 278.723 275.592 275.795 274.548 271.953 274.034 275.134 279.267 279.251 274.777 270.291 269.978 270.170 270.607 273.011 273.625 273.934 270.338 266.836 265.581 266.939 263.970 264.030 265.672 270.496 268.388 272.455 274.767 272.744 270.910 273.872 276.615 274.561 271.585 265.648 269.139 264.436 267.361 269.413 271.481 265.069 270.391 274.229
265.017 269.108 267.261 265.390 268.551 270.265 272.125 274.449 277.356 279.725 282.335 277.934 273.850 269.661 269.212 271.594 273.196 275.203 277.180 279.970 282.399 276.708 271.875 274.461 270.487 273.902 273.706 271.194 274.152 269.686 273.564 278.305 278.188 275.654 273.875 276.559 275.635 272.395 271.959 272.577 270.574 267.626 265.260 265.831 263.166 264.858 268.472 268.407 265.564 267.511 271.299 274.779 275.985 276.179 276.091 271.865 268.796 262.933 267.748 262.578 265.239 270.366 272.004 264.551 268.119 272.728
265.789 267.236 266.642 266.991 269.467 271.385 273.959 275.881 279.490 282.683 281.497 277.319 273.729 271.566 267.889 270.166 272.135 273.880 276.029 278.346 280.311 276.330 271.665 270.415 269.105 267.883 272.135 267.683 272.230 269.333 269.227 275.688 278.520 278.378 277.735 273.599 270.424 269.333 267.227 269.519 269.636 266.450 263.455 263.809 261.908 263.567 263.991 266.371 265.078 267.690 270.570 272.763 275.167 276.074 273.497 268.411 267.569 262.952 264.846 262.940 265.908 264.930 269.056 263.821 268.906 267.184
264.589 266.176 267.105 268.424 270.729 273.464 275.431 278.276 280.821 282.796 279.699 272.967 270.222 268.956 265.758 269.134 270.323 270.977 275.105 277.666 280.537 278.712 274.365 267.731 267.177 265.505 268.880 265.065 268.533 270.025 269.341 271.472 276.110 278.524 276.467 271.939 267.821 267.052 266.514 267.201 271.100 266.999 262.319 259.706 263.968 265.449 265.332 265.820 268.338 270.511 272.445 274.194 275.963 275.417 272.929 270.046 267.026 269.587 268.441 266.311 264.915 262.955 -999.000 -999.000 -999.000 -999.000
266.660 268.738 269.649 271.664 271.058 271.772 276.960 277.556 280.830 281.955 278.552 271.220 267.988 269.271 265.728 268.507 266.720 269.944 274.873 277.972 280.268 280.635 275.209 271.568 269.785 261.990 267.060 263.248 267.988 266.970 267.082 268.823 268.879 275.759 276.342 273.743 273.018 270.841 267.581 265.440 269.490 265.995 263.183 265.077 265.979 266.903 265.842 268.579 271.762 273.792 275.612 275.815 273.900 271.048 274.295 274.755 273.745 270.702 269.101 267.480 264.567 -999.000 -999.000 -999.000 -999.000 -999.000
264.755 267.839 269.452 271.224 272.022 272.799 272.047 276.680 282.468 282.048 277.455 271.301 268.325 267.023 264.265 268.310 271.540 274.145 276.441 277.493 279.417 280.362 277.250 274.523 270.224 267.338 267.731 265.797 265.723 266.070 261.651 266.737 266.629 272.922 272.327 267.729 266.417 265.799 266.964 265.841 265.846 262.516 263.087 263.874 267.190 270.402 269.724 271.006 273.931 275.408 275.798 273.381 270.807 268.081 273.741 268.870 269.161 270.913 272.427 268.085 264.346 -999.000 -999.000 -999.000 -999.000 -999.000
266.088 268.030 266.648 267.497 269.037 267.712 272.621 277.541 282.429 281.141 273.679 271.372 270.771 267.466 266.223 270.208 272.603 272.394 273.777 276.035 278.128 280.699 279.836 274.947 270.616 270.974 268.687 264.864 265.914 266.105 264.928 266.318 268.530 272.278 274.943 273.854 270.684 269.320 265.903 263.923 262.499 266.893 268.226 269.052 269.588 267.934 270.354 273.886 275.525 275.765 273.140 271.137 268.231 266.797 270.819 270.253 266.458 265.091 267.980 269.171 263.083 -999.000 -999.000 -999.000 -999.000 -999.000
266.934 266.390 268.036 268.471 268.639 270.820 272.117 275.809 281.288 279.439 273.533 267.758 267.149 267.967 264.964 269.930 269.027 269.901 271.698 274.647 278.629 279.454 279.895 277.824 273.034 274.095 273.658 271.724 270.948 266.519 262.985 266.838 269.663 271.461 272.534 273.633 273.481 270.518 268.376 266.922 269.280 269.221 269.099 268.797 269.772 273.142 274.426 275.663 275.528 272.096 268.497 269.253 268.637 266.312 269.967 271.451 270.768 268.912 263.946 265.142 -999.000 -999.000 -999.000 -999.000 -999.000 -999.000
264.768 268.317 271.836 272.990 271.107 272.195 271.470 274.253 281.424 276.763 272.137 270.087 269.125 266.398 266.937 269.832 267.428 268.205 271.136 274.873 277.078 275.779 277.639 280.236 277.849 274.838 273.249 269.710 271.033 268.136 265.254 264.501 266.130 270.971 267.343 267.196 271.243 271.025 269.935 268.258 266.408 266.405 266.282 265.728 266.429 271.918 275.643 275.492 272.885 268.228 264.624 267.034 265.740 266.926 266.603 270.234 267.131 269.847 265.939 -999.000 -999.000 -999.000 -999.000 -999.000 -999.000 -999.000
263.529 266.997 269.859 274.216 276.823 274.826 273.503 275.495 278.462 279.023 274.981 271.012 268.727 268.628 265.962 266.809 267.053 269.673 271.840 275.235 274.476 271.858 274.447 278.557 277.303 274.714 271.677 269.160 268.905 270.390 266.743 262.294 265.771 269.797 266.473 264.061 267.406 266.990 267.802 269.744 270.337 269.515 268.275 268.006 270.663 275.592 274.831 271.673 273.867 268.996 266.098 264.774 264.682 266.164 265.428 268.507 265.335 269.283 264.651 -999.000 -999.000 -999.000 -999.000 -999.000 -999.000 -999.000
270.055 271.988 275.801 277.942 278.119 277.703 278.020 277.235 274.549 276.535 275.832 270.824 268.777 267.482 265.508 266.484 267.764 271.079 272.798 273.673 269.981 268.516 272.752 276.040 276.893 273.761 268.705 269.104 266.668 268.722 268.754 263.938 264.675 264.605 263.286 265.598 269.054 271.726 269.824 269.849 271.778 274.453 274.716 273.981 275.158 275.550 272.457 268.503 270.258 273.376 272.934 269.854 266.601 264.144 263.527 264.996 265.161 266.918 -999.000 -999.000 -999.000 -999.000 -999.000 -999.000 -999.000 -999.000
274.964 276.632 277.061 276.149 273.212 272.629 274.719 271.051 273.096 278.564 276.680 272.934 268.595 267.326 266.419 266.893 269.609 271.891 273.734 270.996 265.588 270.900 272.886 276.920 277.645 272.635 269.602 266.580 264.987 264.308 266.339 263.650 262.962 265.565 267.763 270.298 269.842 267.123 264.753 265.126 268.379 267.743 269.785 273.115 275.441 275.126 271.342 267.867 268.651 267.744 270.845 271.169 269.832 267.821 267.218 265.699 263.556 -999.000 -999.000 -999.000 -999.000 -999.000 -999.000 -999.000 -999.000 -999.000
