tests/2D_interpolations/2009-01-19T12.00_VW_ref.asc
ncols               386
nrows               229
xllcorner    479497.492
yllcorner     73502.967
cellsize       1000.000
NODATA_value -999
[rows 64 to 95 of 229, columns 142 to 212 of 386]
13.466 14.440 14.590 20.274 20.376 18.319 19.711 17.034 17.383 20.273 17.131 18.245 20.151 20.341 20.336 20.564 16.125 15.083 14.965 17.508 15.649 18.326 12.021 19.554 18.013 14.862 14.388 18.748 18.613 18.450 19.569 11.915 12.033 11.902 12.872 15.853 17.180 13.006 14.946 12.844 13.917 16.376 16.739 17.247 17.307 18.965 19.998 18.354 18.043 19.254 13.056 14.650 12.422 16.122 11.583 13.508 12.412 11.018 11.618 16.256 15.694 17.721 18.587 16.874 18.847 11.569 12.118 11.890 11.765 11.366 11.211
14.891 19.408 18.632 19.032 18.387 11.437 13.548 14.070 19.191 14.635 15.243 20.117 17.575 20.004 18.219 17.097 19.391 13.530 13.405 11.039 16.976 11.884 17.999 16.934 19.242 15.897 16.426 15.548 18.093 18.012 18.422 19.094 11.526 12.324 11.630 15.396 17.111 12.660 14.033 13.088 13.122 14.417 16.898 16.532 17.380 18.077 19.626 18.761 18.194 19.912 11.962 13.182 13.338 12.489 13.379 13.121 14.349 11.025 11.703 16.883 14.687 16.908 18.550 18.296 17.948 19.599 11.780 11.953 11.603 11.764 11.755
18.765 18.742 11.302 18.649 12.523 14.202 12.908 12.426 19.134 16.070 17.038 16.573 16.681 20.541 18.503 18.924 20.396 12.328 12.425 12.058 16.767 18.808 16.148 17.245 16.824 13.008 14.058 12.760 18.044 17.238 17.671 17.538 19.347 11.691 10.729 14.092 15.339 19.651 13.354 13.417 12.421 13.404 16.378 16.103 16.777 17.420 18.581 18.963 17.750 19.244 12.132 13.372 12.724 11.778 12.717 12.639 12.466 11.566 10.534 10.600 16.302 16.017 16.929 18.073 16.013 18.588 19.849 11.740 11.864 11.611 11.732
19.077 11.211 13.095 15.261 15.058 18.467 19.230 19.900 17.898 16.957 16.402 11.647 18.629 20.102 16.777 19.302 19.130 12.398 12.909 11.293 13.447 11.138 15.388 15.470 15.638 14.607 12.631 14.196 11.453 18.011 17.257 17.503 18.584 15.926 12.599 15.747 15.474 18.899 12.784 12.539 11.895 11.942 13.238 15.921 16.414 17.106 17.713 18.370 17.711 18.721 20.646 14.158 13.370 13.191 11.726 13.540 12.829 10.419 12.100 11.188 11.203 15.325 16.080 18.017 17.935 18.088 19.101 19.787 19.828 11.597 11.429
19.334 12.452 16.106 14.988 17.933 20.644 20.219 17.719 16.658 18.284 19.566 19.758 19.786 18.345 15.801 19.579 16.100 20.152 12.497 13.572 12.617 12.636 16.862 16.852 16.918 14.608 13.493 14.234 15.675 17.600 17.409 17.825 17.774 17.775 18.672 16.883 18.422 17.928 15.555 13.483 12.651 12.081 12.624 16.340 15.756 16.405 17.484 18.138 18.401 18.491 20.433 12.535 14.740 12.476 12.180 11.771 12.065 11.053 10.654 10.506 10.618 13.157 15.454 15.890 17.008 17.996 18.287 19.042 19.651 19.986 19.761
13.952 16.405 12.067 19.563 20.370 16.863 18.571 11.441 14.870 11.641 13.612 18.385 19.518 18.619 16.408 19.812 17.312 17.882 14.810 15.374 14.071 15.661 17.965 17.394 17.223 13.044 13.912 12.902 13.981 16.936 17.121 16.671 15.983 16.419 17.850 17.292 18.323 16.644 19.348 13.512 13.285 12.454 11.969 12.578 14.930 15.660 16.782 17.295 18.228 18.549 19.674 12.094 12.700 11.935 12.545 11.794 11.939 10.873 10.914 11.278 10.945 10.702 13.555 12.162 17.798 18.017 16.730 18.015 18.596 19.078 19.292
13.266 12.369 20.577 20.452 14.141 18.813 19.617 15.605 12.055 11.459 13.011 18.419 18.365 18.439 17.066 18.480 18.792 18.947 20.019 12.544 12.634 11.248 13.246 17.239 17.031 18.002 12.424 12.802 10.832 13.412 14.240 11.003 12.376 14.469 15.248 16.504 16.700 16.137 17.998 12.316 13.233 12.074 11.532 11.375 15.424 15.143 16.114 17.204 17.580 18.455 19.214 20.281 12.025 12.534 12.245 11.425 12.170 11.709 11.006 10.676 10.642 11.438 11.199 13.605 12.091 14.665 17.468 16.765 18.265 18.268 18.639
20.164 20.537 19.979 18.951 19.584 18.455 18.456 19.473 18.698 18.941 15.477 17.231 19.307 17.677 16.658 18.235 17.868 18.897 13.253 18.190 13.591 12.228 10.452 17.713 16.105 17.817 10.937 12.259 11.477 10.343 13.103 10.080 11.030 13.677 14.771 18.561 15.837 16.634 16.995 19.827 12.375 12.179 11.355 11.132 10.423 14.767 15.332 16.781 17.190 18.722 17.985 20.041 14.944 14.942 13.718 12.737 12.612 12.745 11.754 10.814 11.049 10.803 11.245 12.589 10.890 13.461 13.940 17.024 17.884 17.821 18.057
18.634 16.971 19.324 20.238 19.694 16.045 15.432 19.802 17.906 18.302 14.342 15.454 18.772 16.113 13.867 16.433 15.793 15.244 17.214 13.655 13.118 11.205 11.021 10.634 12.992 15.379 18.051 12.495 12.286 10.819 12.247 12.942 16.854 17.570 17.053 18.198 15.230 17.035 16.297 18.668 12.031 12.641 11.693 11.058 10.180 12.912 14.714 15.732 17.272 17.210 17.433 18.433 19.475 15.957 13.154 16.036 11.418 12.580 12.232 11.157 11.798 10.999 11.425 11.921 10.565 10.373 11.411 15.516 17.389 18.062 17.484
14.716 18.319 19.955 20.151 20.067 14.984 16.777 15.705 19.486 19.626 15.415 15.819 17.414 17.366 14.414 17.398 18.050 11.907 19.214 11.099 12.972 11.334 12.042 11.478 11.368 13.792 16.523 11.395 12.147 12.521 11.988 16.191 15.838 17.611 16.420 17.239 14.515 17.163 16.162 17.719 19.863 12.246 12.091 11.583 10.688 10.350 14.310 15.505 16.609 16.262 16.543 16.809 14.588 12.345 13.506 11.205 11.194 11.605 11.183 11.329 11.671 11.085 11.501 15.428 12.325 14.419 12.381 15.803 17.495 15.255 17.863
17.505 19.649 19.798 19.255 18.336 17.717 17.369 17.709 19.180 18.880 14.903 14.809 17.301 14.706 17.754 17.728 18.401 17.858 18.321 16.467 15.653 16.900 18.726 18.857 17.191 18.191 16.226 13.151 11.724 11.961 11.758 10.002 13.945 14.824 16.276 17.126 13.212 15.501 15.716 16.770 19.076 11.970 12.032 11.591 11.180 10.088 13.204 16.045 16.284 17.867 17.011 17.419 18.188 14.217 17.146 13.545 11.239 11.286 11.407 11.276 12.826 13.319 12.978 14.438 13.919 17.635 16.990 16.848 16.209 17.386 17.506
19.125 19.116 12.906 17.790 19.650 17.627 16.472 18.749 18.741 19.148 18.367 12.487 13.173 10.553 16.505 16.881 10.599 17.393 14.020 11.802 11.653 11.687 13.794 12.516 11.448 12.669 15.215 16.739 11.794 11.965 11.986 10.804 10.187 10.537 17.049 16.284 13.199 13.229 15.625 16.212 17.892 19.727 11.931 11.943 11.497 10.754 12.395 15.231 16.514 17.306 17.922 17.485 17.445 17.260 19.899 20.311 13.404 11.188 11.264 11.235 11.738 14.474 15.259 14.791 14.694 15.546 16.823 15.852 17.065 15.367 16.081
11.703 12.622 16.341 17.490 19.525 17.129 15.287 15.671 18.868 18.636 13.307 16.206 12.799 13.297 16.653 15.768 13.861 16.314 15.298 13.035 11.727 11.385 12.069 12.139 11.699 12.146 14.214 14.748 19.694 11.739 11.941 11.646 10.702 11.622 16.763 15.445 12.289 13.218 14.876 15.612 16.715 19.069 13.528 12.442 11.657 11.182 11.316 14.220 16.063 16.292 17.704 17.291 15.857 15.399 18.446 18.499 11.305 11.449 11.128 15.196 16.301 15.258 16.505 14.760 13.357 16.232 16.211 16.292 15.930 12.555 12.729
17.049 18.773 18.034 17.874 19.090 13.250 14.089 15.405 18.294 18.418 18.634 18.549 13.697 14.716 17.560 17.664 18.366 16.840 16.770 19.188 16.458 19.609 18.538 15.426 16.155 15.456 18.885 19.288 18.892 19.674 11.564 12.510 11.913 11.395 10.043 15.645 12.164 13.361 12.626 15.097 16.069 17.134 19.735 12.031 12.085 11.266 11.082 13.642 14.832 16.279 17.575 17.758 14.126 13.791 16.013 16.628 17.148 11.192 11.154 16.672 16.188 15.206 16.277 14.880 12.718 15.687 15.956 15.657 16.623 15.990 14.925
18.821 16.933 16.862 18.487 18.248 13.596 14.535 14.949 17.483 18.078 17.897 18.463 12.325 14.987 14.091 18.016 16.658 17.447 18.537 19.601 19.664 19.554 19.509 17.016 16.779 17.843 18.200 18.757 18.766 19.452 11.758 11.525 11.708 10.944 10.467 9.906 10.925 10.234 11.375 14.615 15.695 16.615 19.487 13.134 12.263 10.934 11.049 12.954 13.767 16.835 17.172 18.360 13.437 13.448 17.522 16.170 19.963 20.267 11.494 16.029 15.346 14.120 16.124 15.957 12.729 13.475 14.427 14.027 13.444 13.733 13.359
17.188 15.307 18.233 17.393 18.494 17.130 13.864 13.061 13.203 14.801 17.667 17.614 17.084 17.110 16.888 10.077 17.487 17.021 18.608 18.803 19.223 19.000 19.145 17.461 14.101 15.270 17.266 18.106 18.318 18.310 19.281 11.314 11.664 11.328 11.088 10.801 10.594 10.357 10.180 12.592 14.683 16.460 17.461 16.962 12.869 11.095 12.398 12.023 12.660 17.171 17.334 18.315 12.791 13.875 13.768 16.352 17.722 20.259 17.687 16.208 14.426 13.525 15.290 11.473 11.630 8.776 8.882 9.018 12.252 10.269 10.222
17.718 15.649 13.268 17.968 15.679 18.511 13.120 12.716 14.466 14.912 17.774 17.648 16.096 18.003 13.634 11.706 12.989 13.853 17.048 17.569 19.064 17.693 19.472 11.455 11.846 10.796 10.377 17.618 17.557 18.411 18.854 19.254 11.219 11.406 11.235 11.121 11.006 10.791 10.627 11.408 14.104 15.832 16.448 17.980 11.903 14.602 12.046 11.111 13.408 15.343 17.339 14.629 15.249 16.070 19.529 19.648 18.777 19.900 17.644 15.649 13.481 12.687 14.774 13.043 9.930 9.855 9.988 10.145 9.859 9.173 8.289
16.757 17.638 18.271 18.433 18.030 18.948 18.488 11.778 12.968 17.501 16.005 9.944 15.867 12.643 11.247 12.812 11.064 17.984 16.506 18.788 18.532 18.968 18.995 19.048 11.740 11.665 12.065 14.655 16.000 17.795 18.834 18.819 19.095 11.125 11.326 11.293 10.926 10.724 10.598 10.657 14.424 15.502 17.634 14.582 14.980 13.880 11.938 11.522 11.249 14.582 17.014 17.422 17.442 18.731 19.206 18.752 18.416 20.221 16.890 14.759 13.226 13.593 14.691 15.010 16.623 9.777 9.906 10.052 9.697 10.337 9.171
14.801 17.205 17.524 11.126 17.892 18.494 16.659 13.297 14.369 10.148 15.794 10.494 10.597 14.457 16.486 18.314 17.657 17.851 17.989 18.328 18.778 15.940 17.122 18.483 18.976 12.324 12.043 10.668 13.754 18.193 18.079 18.224 18.608 18.868 19.504 11.715 12.391 11.518 10.893 11.142 14.452 15.803 16.408 13.868 15.032 14.233 12.385 11.348 11.363 13.957 20.101 16.558 16.809 17.830 17.966 17.626 15.313 14.317 16.567 13.397 12.159 12.789 14.527 14.416 15.546 15.021 16.227 16.219 9.660 10.867 9.548
17.081 16.710 18.308 17.624 16.109 17.811 17.843 17.819 16.472 10.246 10.742 17.663 15.646 18.079 18.157 10.249 17.277 11.365 18.185 15.167 18.710 11.661 17.011 15.759 17.243 18.719 11.365 11.128 10.810 10.485 16.896 17.166 17.720 18.141 19.040 19.094 15.679 11.324 11.362 10.495 13.288 14.003 13.895 13.954 15.057 14.389 11.655 11.361 11.466 14.283 17.083 14.585 16.717 15.629 16.943 18.952 19.837 19.336 12.326 13.046 11.552 9.917 13.398 13.353 14.802 14.225 13.694 14.722 15.820 11.489 10.507
12.549 17.182 17.311 17.413 16.831 17.072 15.795 17.594 10.888 15.685 17.999 13.990 16.802 17.378 17.199 13.545 16.421 15.711 17.996 17.747 17.651 13.038 18.354 15.449 17.119 18.748 14.951 16.752 12.783 13.230 14.397 17.221 16.718 17.350 17.817 18.682 18.501 14.466 10.776 11.348 12.306 13.718 13.456 14.942 14.507 15.935 15.463 18.085 20.043 17.715 15.606 13.921 16.611 14.557 15.247 15.859 17.923 19.221 11.954 12.902 12.573 10.673 9.959 12.956 14.083 12.730 12.348 12.552 14.445 13.177 11.255
12.120 17.694 17.119 17.270 17.206 14.053 13.073 15.877 18.188 15.882 15.729 16.348 16.732 16.872 14.982 17.558 16.788 17.996 12.351 15.397 13.821 16.229 17.515 13.271 17.839 18.603 18.457 17.888 14.687 13.918 13.926 14.860 16.430 16.153 16.943 17.649 18.409 19.075 10.521 14.947 13.024 14.454 13.072 14.756 14.201 16.603 20.085 20.269 16.487 16.633 13.473 13.892 13.052 14.429 15.058 11.121 14.078 14.780 12.606 12.212 13.456 12.065 10.006 12.126 12.807 12.291 11.932 10.915 13.261 13.298 10.311
17.251 12.178 13.156 10.501 10.399 10.789 17.708 17.630 16.204 15.801 16.254 15.715 15.835 16.617 17.218 15.019 16.448 17.706 14.279 17.461 17.442 16.830 16.968 17.525 17.728 16.898 18.657 18.608 12.864 11.491 10.704 10.039 11.013 16.505 15.912 16.572 17.641 18.544 15.942 14.059 15.827 13.430 15.530 14.437 16.449 19.018 20.123 17.350 16.703 17.031 14.023 10.443 13.594 15.451 19.356 16.580 18.860 18.392 19.794 11.695 13.624 13.192 11.239 11.302 10.879 10.129 11.400 10.637 12.247 10.192 11.427
16.666 14.225 10.155 16.714 16.537 17.580 17.650 16.760 15.886 14.598 14.726 11.950 16.483 15.771 15.290 15.881 15.236 17.605 15.586 15.912 16.347 16.696 16.940 17.626 17.826 18.346 15.218 17.367 12.068 12.545 10.780 10.279 10.144 10.269 13.889 15.235 16.495 16.423 17.387 15.467 17.120 16.041 17.612 18.581 17.323 18.567 17.112 18.348 15.831 12.455 14.665 12.920 14.300 15.635 15.609 15.770 16.011 17.058 18.139 19.272 12.581 13.304 10.358 7.629 6.720 7.572 9.256 10.831 11.672 11.790 12.257
15.711 16.693 17.233 15.875 16.232 16.157 16.948 17.134 15.243 13.872 14.987 15.437 16.211 16.655 17.029 15.667 15.292 17.527 12.551 17.229 14.864 14.523 16.393 16.277 16.932 17.598 17.592 12.892 17.199 15.003 14.810 15.724 10.044 10.018 11.787 14.185 15.270 17.091 18.133 16.268 15.838 16.181 19.973 17.231 19.315 16.670 17.877 16.100 13.991 10.562 13.515 13.364 12.379 13.866 15.046 13.973 13.043 13.926 15.197 16.967 11.987 13.383 12.075 10.573 9.684 9.951 10.518 11.517 10.694 12.007 10.679
12.462 16.689 11.700 12.871 14.429 14.857 15.758 16.756 16.507 15.850 14.269 15.985 16.155 16.137 15.841 15.175 15.468 17.055 14.311 16.433 15.677 15.044 15.064 15.155 16.763 14.578 17.961 10.623 17.029 10.263 15.760 13.877 15.615 16.478 13.471 14.971 15.249 16.647 16.007 13.765 15.229 19.351 16.809 19.598 20.016 13.807 11.756 13.023 12.002 12.913 12.804 12.783 13.744 15.585 14.677 12.708 10.841 10.426 10.726 13.824 17.130 12.811 12.729 11.848 11.233 11.506 11.527 11.231 10.976 10.378 8.957
17.023 14.722 14.413 12.566 16.132 12.364 16.375 15.555 14.608 13.573 14.011 14.825 15.754 15.522 15.119 13.720 14.733 16.995 13.650 15.460 15.460 13.885 14.008 14.940 15.959 15.029 18.104 15.303 15.421 10.153 11.207 11.919 16.728 16.096 14.793 13.373 12.669 12.310 11.723 10.897 18.653 19.063 19.032 19.076 14.947 11.875 11.619 11.494 11.477 11.267 13.078 13.603 17.420 15.697 13.716 11.292 10.151 7.948 8.065 11.373 15.016 18.295 13.284 11.570 11.944 12.114 12.115 12.176 11.942 11.145 9.579
11.269 15.570 10.387 11.085 10.559 10.442 9.534 13.618 14.767 14.914 13.385 13.895 14.466 14.780 14.746 15.971 15.598 15.916 13.729 14.046 15.031 15.528 14.896 14.745 16.463 15.496 17.664 14.981 16.215 17.438 14.411 11.148 10.994 11.511 11.726 11.636 12.077 13.860 19.417 17.987 18.758 18.456 18.305 15.760 19.523 15.747 19.016 12.883 11.484 13.450 13.795 13.613 17.300 13.260 12.437 9.962 7.733 7.126 8.382 9.645 12.912 14.451 17.136 18.312 11.119 12.029 12.404 11.399 12.399 12.084 11.142
10.707 12.747 10.248 10.985 12.509 9.559 15.081 12.735 13.550 11.751 12.908 9.770 8.462 14.295 14.430 15.112 15.909 15.800 11.888 14.301 9.232 9.469 10.238 12.783 12.644 15.062 10.936 14.310 15.101 15.706 16.969 10.403 11.481 12.623 14.381 18.172 16.549 17.100 17.127 17.849 16.244 10.404 14.879 15.705 18.479 18.125 19.280 11.282 11.024 13.719 13.690 13.906 11.432 12.395 13.035 12.195 10.308 9.193 7.565 10.433 9.642 11.417 13.471 15.385 16.718 18.022 18.667 17.672 11.695 12.359 11.707
14.803 10.526 13.729 12.613 14.581 13.332 10.237 12.847 10.718 12.568 12.145 14.948 13.873 13.685 13.999 14.397 13.822 15.096 11.161 10.237 13.863 12.071 15.889 12.596 13.937 13.862 9.842 12.927 12.888 14.183 14.774 17.232 16.981 16.656 16.074 15.888 14.623 14.124 15.503 16.285 16.884 17.149 17.074 18.164 17.069 17.987 17.795 11.337 19.967 13.783 13.939 11.562 11.490 11.417 12.614 12.989 12.927 11.757 9.141 6.744 8.237 9.067 11.391 12.803 13.717 14.771 15.715 16.725 16.612 11.691 12.020
10.689 10.252 17.796 13.255 11.347 14.466 9.754 14.384 8.627 12.596 13.586 10.734 12.838 12.181 14.271 15.082 13.408 14.606 13.416 14.629 14.910 14.825 14.634 13.669 16.975 15.231 15.942 12.101 11.486 13.545 14.875 17.474 16.117 16.137 15.017 13.154 12.598 14.055 13.954 15.319 14.329 14.858 15.752 17.498 19.777 13.311 14.842 17.166 20.010 20.005 11.406 13.944 13.626 19.982 11.700 11.609 12.334 13.064 11.798 9.459 7.792 8.839 11.578 12.282 11.282 12.957 13.140 14.295 16.579 12.585 12.030
11.620 12.376 11.206 12.080 12.380 11.779 13.238 12.511 12.641 8.489 11.180 10.658 11.972 12.607 13.318 11.732 12.871 12.500 13.596 12.793 14.000 15.108 13.503 16.042 13.417 16.208 12.617 11.638 11.895 15.325 15.395 16.036 15.477 11.334 11.025 12.432 9.719 12.462 14.009 14.025 12.888 12.982 14.011 15.705 18.303 18.558 13.568 13.743 17.310 17.176 16.675 18.590 17.698 19.247 19.235 19.554 11.339 14.047 13.294 9.901 9.870 9.001 9.399 7.701 9.794 10.654 11.459 13.151 13.563 12.008 15.772
