tests/2D_interpolations/2009-01-19T12.00_VW_ref.asc
ncols               386
nrows               229
xllcorner    479497.492
yllcorner     73502.967
cellsize       1000.000
NODATA_value -999
[rows 64 to 95 of 229, columns 213 to 283 of 386]
14.028 15.741 17.757 18.307 18.179 19.320 19.290 14.494 12.752 11.772 10.621 10.694 10.700 12.047 12.034 12.449 10.469 12.275 14.658 12.525 13.338 12.702 12.164 10.869 9.926 12.710 10.230 10.900 8.590 12.251 12.498 14.078 17.435 12.118 11.887 12.145 12.222 13.520 12.526 10.850 9.926 9.518 11.271 11.282 10.825 10.218 10.532 9.310 8.423 7.659 8.912 11.302 11.271 10.750 8.593 7.291 9.132 10.889 8.779 8.640 10.209 7.352 11.289 13.099 13.830 14.461 -999.000 -999.000 -999.000 -999.000 -999.000
11.431 14.611 17.191 17.736 18.010 18.914 18.946 17.716 10.901 11.390 13.266 14.927 11.170 11.183 11.325 12.011 11.398 11.475 11.616 12.017 10.516 10.635 12.143 12.453 12.507 9.372 10.184 10.838 9.926 10.907 12.145 15.415 14.795 11.045 11.984 10.240 9.354 8.181 12.642 13.650 12.472 8.191 9.433 7.989 7.195 10.888 10.885 9.326 8.491 7.708 11.652 9.276 6.549 5.454 5.989 8.745 8.737 6.919 7.105 6.542 9.211 10.116 12.435 14.328 12.162 18.089 20.385 -999.000 -999.000 -999.000 -999.000
12.115 11.877 10.794 17.109 18.071 18.715 18.639 19.248 18.399 18.031 10.581 13.463 13.981 10.911 11.488 11.551 11.256 17.204 16.863 11.094 11.164 11.417 12.458 11.358 10.063 10.818 9.764 13.004 10.202 16.248 13.247 12.960 12.758 15.627 11.282 11.423 11.307 9.596 8.700 12.841 11.239 9.960 10.754 10.624 10.935 7.557 10.530 11.866 10.785 10.493 8.824 5.239 4.122 5.629 6.461 7.548 5.502 7.714 9.160 7.663 10.181 12.861 14.230 14.029 17.427 20.640 20.425 15.967 -999.000 -999.000 -999.000
11.629 11.938 12.303 13.082 18.116 16.918 17.690 17.654 12.182 12.247 13.194 11.351 14.168 11.829 12.435 13.074 11.963 10.976 14.373 13.878 11.053 11.220 14.714 11.745 11.223 10.088 10.017 11.142 14.664 13.048 11.720 12.669 11.689 13.890 15.949 10.984 11.533 11.547 10.956 11.232 9.332 8.675 9.124 8.794 7.599 11.631 9.928 12.747 9.656 8.612 4.987 2.205 3.640 5.600 6.824 4.511 9.603 6.438 6.287 10.674 13.598 14.042 13.720 16.103 19.907 20.417 19.881 17.865 17.556 -999.000 -999.000
11.678 11.574 12.166 12.197 11.237 14.712 13.197 13.441 11.497 11.122 17.537 19.243 16.223 15.062 11.849 11.419 11.562 11.682 11.044 15.498 10.942 11.467 11.711 10.802 10.891 10.952 10.602 12.852 13.405 11.999 11.272 12.024 11.812 12.499 13.628 14.964 15.502 14.871 11.211 11.245 10.315 10.713 10.287 9.437 9.777 9.738 8.499 9.206 8.970 5.328 4.631 4.794 5.017 1.782 4.209 6.348 4.490 7.094 11.794 13.430 13.970 12.488 13.578 17.886 14.625 11.767 17.916 18.129 18.290 -999.000 -999.000
20.216 11.471 11.588 11.814 12.076 11.771 13.287 11.703 13.995 11.702 11.959 12.072 12.438 11.961 11.541 14.008 18.579 13.047 11.348 12.074 12.166 12.059 11.731 10.823 10.600 10.910 11.097 11.966 10.784 10.400 9.858 9.400 12.705 11.723 11.728 12.831 12.703 13.729 15.774 10.673 10.377 12.786 12.117 10.705 10.389 10.478 10.894 9.571 7.610 5.311 7.098 7.436 3.215 3.380 4.383 5.005 6.897 10.270 12.219 14.186 14.781 15.738 11.489 11.948 18.487 19.095 16.251 12.735 -999.000 -999.000 -999.000
19.580 20.181 20.238 11.502 11.380 11.687 12.628 11.691 13.122 13.968 11.510 11.290 11.449 11.361 11.445 11.583 11.980 11.586 12.889 11.686 13.926 16.035 11.653 12.205 11.824 11.221 11.282 11.543 11.884 10.501 9.953 9.292 9.818 10.863 10.321 10.369 8.823 12.334 13.865 9.750 10.738 11.297 10.829 10.027 9.200 10.619 8.579 6.148 5.325 8.687 7.791 7.516 4.940 6.352 5.728 6.511 9.555 11.199 13.046 14.535 15.582 18.732 20.934 18.675 17.146 14.444 12.389 12.920 15.200 -999.000 -999.000
18.427 19.486 20.077 20.167 20.208 20.195 20.182 20.169 20.155 20.139 20.123 11.430 11.137 12.290 11.188 14.521 18.737 12.544 12.086 11.666 12.177 12.873 13.138 11.344 11.695 11.916 11.875 11.549 12.601 10.991 9.937 10.989 9.917 10.182 10.278 11.862 10.973 11.004 11.412 14.424 13.482 10.718 10.987 8.592 9.484 7.209 7.016 8.159 9.331 9.198 8.161 8.738 7.538 6.603 8.458 9.117 10.494 11.893 13.544 14.696 17.343 17.481 20.471 13.426 12.335 13.264 13.409 18.847 14.962 13.873 -999.000
17.436 18.014 18.467 20.064 20.181 20.163 20.140 20.128 20.125 17.394 20.066 11.330 11.329 13.985 11.244 11.424 11.781 14.181 14.477 16.876 17.266 18.926 19.516 11.767 11.475 11.289 11.355 11.715 12.528 13.275 13.491 10.257 9.915 10.487 9.743 11.690 9.577 9.579 12.379 10.192 11.897 14.654 11.106 10.172 6.544 7.685 7.063 9.099 10.219 9.969 9.327 8.985 10.247 10.169 9.009 9.492 11.127 12.995 14.827 14.244 15.777 18.784 20.011 12.178 12.241 11.478 18.032 16.905 13.189 10.474 -999.000
16.569 17.008 16.387 19.540 19.972 17.237 19.893 20.159 19.581 11.197 13.988 20.023 20.035 20.024 20.004 17.175 20.021 16.842 17.276 17.657 11.910 13.381 14.558 16.788 19.733 16.490 19.460 11.039 12.691 13.653 11.527 13.795 9.561 9.223 8.330 9.069 8.719 11.441 10.943 9.638 10.445 12.137 9.914 11.582 7.730 8.540 9.267 10.465 10.207 9.271 8.548 8.940 8.009 8.391 9.367 10.553 11.658 12.848 14.197 16.765 16.817 19.072 20.539 20.774 20.986 19.614 16.908 14.029 10.460 7.940 -999.000
17.252 17.746 17.603 17.871 17.959 18.265 18.613 18.579 17.369 18.116 19.227 19.653 19.851 19.910 17.104 18.355 19.401 12.760 11.879 12.896 16.319 19.066 14.316 14.040 20.083 13.721 18.707 18.553 11.831 13.613 12.600 11.649 11.147 9.271 8.368 7.622 7.947 7.917 9.484 11.950 11.680 10.853 12.880 9.849 11.375 10.751 9.012 12.535 11.152 11.090 11.434 10.952 10.563 10.765 10.611 11.401 12.833 14.591 16.589 16.303 17.791 20.309 20.825 20.869 20.898 18.218 15.372 12.356 9.728 8.417 -999.000
17.082 17.210 17.259 17.708 16.703 16.317 15.556 15.281 15.310 16.013 16.449 17.452 18.491 19.174 18.813 19.471 18.424 11.865 12.371 11.420 14.877 19.721 16.566 19.692 16.240 15.060 16.561 14.255 11.863 13.045 13.028 11.777 10.704 8.119 8.233 7.831 7.536 10.251 10.232 9.332 9.633 10.110 8.217 10.556 10.825 12.051 9.655 9.263 9.577 9.846 9.219 8.235 8.889 9.858 10.588 10.609 11.776 12.998 14.650 16.946 14.969 14.868 17.081 17.767 18.832 16.615 14.157 10.634 7.299 6.417 -999.000
15.051 15.661 15.302 15.491 15.338 14.727 13.821 13.147 13.576 14.025 13.984 14.935 15.872 16.544 17.517 18.930 18.516 18.412 19.645 19.413 19.732 19.722 19.747 18.173 19.515 12.211 14.582 10.985 11.409 12.395 13.847 11.550 8.836 5.895 6.886 5.562 7.646 7.724 8.536 7.579 8.997 7.796 8.422 11.328 7.831 7.735 8.627 8.721 7.871 7.171 6.401 6.122 7.004 8.235 8.693 9.947 13.004 12.613 14.061 18.079 18.965 18.105 19.308 19.640 17.328 16.030 12.730 8.820 5.167 8.349 11.140
13.757 13.472 13.034 13.800 14.804 12.654 9.404 9.790 8.903 13.050 12.326 11.967 12.740 13.815 15.574 15.391 16.168 17.273 17.583 16.676 15.989 16.043 16.956 18.340 19.205 19.612 11.992 16.528 11.052 14.620 13.938 10.067 6.802 7.828 9.033 6.665 7.559 8.427 8.443 7.287 6.860 7.556 10.094 7.318 7.264 6.955 6.803 6.448 6.134 5.984 5.154 4.274 6.174 8.065 10.200 9.714 7.983 10.331 12.540 13.451 15.892 19.414 18.660 16.041 15.747 14.743 12.657 8.261 7.781 9.678 10.086
11.874 12.149 13.666 12.948 14.287 14.562 14.711 14.308 9.179 9.667 8.761 12.876 11.949 12.792 12.618 11.869 12.918 14.724 12.964 10.763 11.175 12.153 12.151 13.247 15.538 16.913 17.921 19.836 16.888 13.780 14.169 8.437 8.743 9.861 10.263 9.783 9.489 8.107 8.479 7.698 7.593 7.252 6.314 5.732 4.709 3.941 4.580 4.806 6.412 3.975 3.565 5.688 7.052 8.721 7.743 4.682 7.428 8.580 9.843 11.591 14.241 17.779 19.551 17.324 14.753 14.980 11.848 7.680 5.845 10.781 9.934
8.568 9.900 9.876 10.304 10.183 9.096 11.392 11.544 12.962 10.210 10.643 10.574 11.419 11.880 10.880 10.988 11.334 11.114 11.416 9.456 12.171 10.361 10.504 10.880 10.961 11.032 15.078 18.392 12.336 14.299 13.997 11.083 11.429 11.321 11.658 11.641 10.536 10.709 8.034 7.794 8.465 5.770 5.781 5.662 8.390 9.183 9.933 11.279 12.140 9.443 7.001 8.333 5.804 7.470 4.905 4.678 4.645 6.724 8.518 11.723 13.949 16.085 14.086 14.908 12.596 15.292 12.448 7.272 8.497 10.407 8.487
11.803 12.877 14.413 14.387 13.591 13.804 13.236 10.313 10.802 10.558 10.371 8.561 8.304 11.934 8.757 9.802 11.638 11.128 10.147 10.649 9.981 8.522 10.050 9.437 10.650 9.605 8.233 12.525 18.530 12.245 14.177 13.769 13.696 13.508 14.344 14.520 14.398 15.339 14.522 13.542 14.666 13.648 13.236 13.435 13.012 12.338 11.951 11.820 13.811 15.566 13.326 11.045 8.093 3.771 4.400 4.158 3.805 7.016 9.841 10.363 12.380 14.489 18.599 15.347 15.896 15.511 13.092 8.817 8.998 9.123 7.154
11.799 11.664 13.126 12.678 12.936 10.180 9.566 15.085 15.219 8.978 9.387 8.798 9.185 8.436 10.420 11.304 12.491 13.227 13.095 12.383 8.947 9.587 7.884 8.922 9.254 8.001 9.527 10.211 12.379 17.207 11.802 13.499 12.177 14.713 19.478 18.809 10.785 11.554 12.959 13.899 14.540 15.042 14.808 14.379 14.467 14.813 14.671 14.101 13.624 13.667 14.460 13.785 10.583 6.941 7.506 5.915 3.897 7.570 8.359 8.336 11.251 14.517 18.468 17.872 20.346 15.140 13.756 11.328 8.806 8.898 6.498
10.671 10.465 12.082 8.733 11.191 13.983 11.648 13.669 14.035 8.547 11.614 11.819 10.743 10.386 10.054 11.789 12.153 8.936 9.636 11.327 11.755 9.806 8.312 8.093 6.012 9.238 8.087 9.190 11.162 14.928 19.054 18.411 18.359 14.593 13.451 13.634 14.302 15.953 17.513 19.003 19.268 19.422 19.510 19.628 16.861 19.913 19.843 19.894 14.248 11.706 13.102 15.706 14.598 8.252 7.781 6.844 7.038 4.460 6.642 8.043 11.294 14.436 16.049 19.023 20.822 15.276 14.005 12.391 7.629 8.893 8.200
12.538 12.002 12.148 11.753 11.718 14.995 12.354 13.840 11.874 15.127 10.961 10.561 10.882 10.778 10.247 9.904 9.128 8.692 11.914 10.450 10.616 9.912 7.819 8.449 9.620 6.404 9.766 7.447 7.292 13.222 17.063 15.116 13.694 11.456 11.077 11.708 12.342 13.372 13.684 14.602 15.387 15.989 16.232 16.711 16.834 16.850 16.613 16.212 16.454 17.666 19.847 12.937 16.350 12.244 8.554 6.959 5.876 5.040 5.062 7.970 10.206 12.989 14.866 20.363 19.535 14.260 14.716 12.393 11.319 9.063 8.262
13.110 11.228 10.724 9.935 10.893 12.247 12.647 11.758 12.992 14.904 11.414 8.070 9.129 9.010 9.030 8.580 8.536 9.320 13.857 10.539 9.330 11.343 7.971 4.975 5.113 7.888 7.483 8.843 10.429 11.081 15.940 14.307 12.151 9.769 7.762 8.994 11.078 11.217 11.028 10.168 11.023 11.225 12.514 12.198 13.768 13.387 11.604 10.451 11.682 13.310 16.218 11.857 13.931 15.695 11.759 6.413 6.345 5.397 6.142 8.064 10.727 13.015 15.036 18.908 17.424 14.821 14.741 12.141 9.106 6.507 8.342
12.914 10.558 8.953 9.933 12.511 11.000 9.619 11.012 10.062 12.761 9.736 10.399 9.346 11.548 8.698 7.382 8.505 10.230 13.122 8.908 9.685 9.347 4.660 7.380 7.473 8.329 8.700 10.138 9.849 11.909 15.610 13.534 13.078 10.179 8.732 7.064 8.508 7.726 8.166 7.282 7.663 10.990 9.688 8.475 9.227 9.938 8.980 9.279 10.385 11.644 13.755 17.498 11.995 14.108 15.493 12.316 7.314 6.457 7.060 9.080 11.517 13.444 14.200 19.005 18.697 16.745 13.512 10.107 8.262 5.945 8.110
8.198 10.930 10.570 9.976 13.206 10.441 8.965 9.316 8.807 10.895 10.874 8.333 10.930 10.705 9.759 9.005 8.972 10.835 11.030 14.367 11.031 7.829 6.250 4.829 5.196 8.951 8.554 11.657 10.015 10.297 17.047 13.276 12.326 9.171 7.236 8.323 6.408 3.507 6.733 7.041 7.188 9.810 7.664 7.204 6.746 6.494 7.542 7.843 8.491 10.855 14.056 14.630 16.944 11.480 13.680 15.555 11.474 8.265 7.314 9.175 11.609 13.665 13.882 20.278 18.527 14.541 10.963 9.642 6.900 4.841 6.933
11.283 9.746 9.363 9.365 12.606 9.872 9.068 8.605 8.416 10.527 10.299 13.576 9.744 10.416 9.943 8.456 11.336 9.125 10.151 11.589 10.412 7.708 4.577 5.753 8.446 8.057 6.863 5.766 4.884 10.400 13.764 12.802 10.208 8.306 6.953 7.144 6.032 3.572 5.852 6.584 8.416 8.145 5.483 4.965 5.411 5.261 5.308 6.842 8.380 13.014 10.387 11.828 13.624 15.254 15.266 14.052 15.619 10.545 9.088 8.523 12.853 15.947 16.446 20.341 17.423 13.444 9.738 7.749 7.572 5.360 5.513
9.962 9.562 9.206 8.331 10.272 9.215 8.979 7.524 7.999 8.930 10.247 12.983 13.258 13.932 9.287 8.983 8.479 5.907 9.763 10.676 8.182 5.760 4.548 7.176 7.503 5.809 4.807 4.234 4.487 12.509 13.027 11.503 9.336 6.601 4.990 6.286 4.599 4.933 6.102 5.034 7.246 7.525 3.082 3.385 5.197 4.343 5.885 7.883 12.659 8.161 7.783 8.487 11.151 13.031 14.475 18.033 15.021 16.521 14.754 14.210 13.552 13.599 16.012 18.644 15.433 13.938 9.378 7.744 5.801 5.495 3.835
10.410 8.831 7.881 9.174 9.892 8.421 8.091 7.612 8.793 10.199 11.653 11.145 10.864 9.822 11.853 10.243 6.280 3.953 9.344 8.726 6.865 3.964 4.862 6.416 4.534 2.541 3.749 5.109 6.842 15.563 12.976 11.598 8.965 6.447 4.260 3.071 5.472 5.549 3.396 2.744 7.117 6.753 2.719 3.087 4.958 7.280 8.652 11.452 8.120 6.211 4.517 7.273 8.824 11.366 12.450 14.524 17.160 12.419 13.630 14.018 13.094 18.386 17.194 16.400 13.383 14.836 11.658 6.727 1.766 3.726 3.350
8.071 6.764 8.302 10.364 9.695 7.534 7.746 8.534 9.183 11.232 11.324 10.612 9.233 9.640 9.373 10.267 8.214 4.913 8.309 6.800 5.144 2.100 4.818 4.618 3.378 4.234 7.435 9.986 11.594 16.987 11.587 13.085 11.002 5.150 1.813 2.657 3.890 3.299 3.164 5.211 6.772 5.108 1.866 4.044 4.500 6.513 8.714 9.014 6.091 4.575 5.613 6.250 9.427 9.136 11.842 12.566 14.498 16.367 13.440 15.830 19.713 12.342 14.704 16.556 13.964 13.857 14.174 11.389 7.663 3.761 3.459
9.850 8.772 8.266 7.788 9.065 8.503 8.999 9.275 11.668 8.144 10.270 10.441 8.502 6.897 5.588 9.311 6.621 7.274 6.192 4.675 2.045 5.496 4.903 4.967 7.521 8.797 10.341 12.716 12.518 15.889 11.257 12.789 15.079 9.629 4.197 2.958 1.314 3.102 4.899 3.340 2.869 2.003 1.836 3.345 2.947 4.900 6.908 7.945 4.358 2.961 4.481 6.863 7.126 7.697 9.443 10.880 12.498 14.608 18.057 16.990 20.271 20.158 13.323 14.948 12.707 16.666 13.560 12.912 10.288 6.373 5.034
11.324 9.647 9.194 10.523 8.836 8.213 7.497 8.997 10.356 10.786 9.559 10.412 7.543 5.758 6.697 7.967 4.313 6.249 4.332 6.829 9.192 8.939 9.535 8.869 10.093 10.735 8.726 10.371 9.317 8.275 12.916 9.624 14.074 11.389 5.729 2.746 1.558 1.317 2.571 0.420 1.887 3.336 2.745 0.745 2.115 2.699 7.503 6.399 2.811 3.901 5.676 5.014 6.485 6.635 10.273 11.135 9.146 12.389 15.883 17.418 18.948 17.526 17.391 18.647 14.114 12.270 12.399 13.739 11.101 9.549 5.008
12.587 11.192 11.513 10.178 8.178 7.716 8.633 11.370 9.645 8.235 7.067 9.512 8.113 5.678 8.105 5.896 4.974 7.019 8.663 9.405 9.771 9.904 9.645 10.104 10.449 8.770 6.874 4.166 5.165 1.281 10.504 15.280 12.966 11.648 6.068 3.004 1.376 1.291 5.134 3.457 3.830 4.754 2.194 1.132 2.033 3.421 4.534 2.940 3.690 3.606 3.119 4.599 5.974 9.275 11.388 8.844 7.981 9.947 12.126 14.243 14.797 15.999 19.480 16.523 13.362 12.861 12.220 14.447 12.386 10.313 7.570
12.692 12.636 9.793 8.487 7.867 7.327 9.582 8.828 8.400 5.894 8.138 9.020 7.274 5.049 5.839 4.575 6.783 9.046 7.413 7.619 9.372 4.111 5.154 5.433 5.615 0.346 0.745 0.463 2.597 5.029 10.981 14.634 12.825 11.487 5.822 5.974 4.166 2.333 6.080 6.506 5.010 4.639 1.597 3.709 3.017 2.746 1.905 2.215 3.160 1.973 3.921 3.821 7.311 12.984 9.322 6.858 6.053 9.535 9.415 10.170 10.944 11.211 13.413 16.130 11.993 12.004 13.133 13.921 14.275 11.995 10.093
12.737 12.186 11.724 10.137 8.349 8.165 9.764 7.691 6.663 8.376 7.173 6.649 5.233 4.062 2.998 2.890 7.375 5.011 3.614 3.354 9.064 5.815 2.067 2.125 0.855 1.115 3.630 0.435 2.619 6.436 12.271 15.662 12.295 11.240 11.868 10.328 7.189 5.956 7.297 6.306 4.939 2.106 2.802 5.886 2.913 1.507 2.936 0.975 3.424 5.203 4.934 7.641 9.689 10.283 8.571 6.117 2.580 6.725 9.673 7.754 8.618 9.663 11.966 14.698 16.883 19.840 12.606 12.817 14.348 14.100 12.462
