tests/2D_interpolations/2009-01-19T12.00_RSWR_ref.asc
ncols               386
nrows               229
xllcorner    479497.492
yllcorner     73502.967
cellsize       1000.000
NODATA_value -999
[rows 116 to 144 of 229, columns 0 to 65 of 386]
-999.000 -999.000 -999.000 -999.000 -999.000 -999.000 -999.000 -999.000 -999.000 -999.000 -999.000 -999.000 -999.000 -999.000 -999.000 -999.000 -999.000 -999.000 -999.000 -999.000 -999.000 -999.000 -999.000 -999.000 -999.000 -999.000 -999.000 -999.000 -999.000 -999.000 -999.000 -999.000 -999.000 -999.000 -999.000 -999.000 -999.000 -999.000 -999.000 -999.000 -999.000 -999.000 -999.000 -999.000 166.059 166.075 166.093 166.114 166.136 166.162 166.190 166.221 166.255 166.292 166.332 166.375 166.421 166.471 166.525 166.582 166.642 166.706 166.774 166.846 166.921 167.000
-999.000 -999.000 -999.000 -999.000 -999.000 -999.000 -999.000 -999.000 -999.000 -999.000 -999.000 -999.000 -999.000 -999.000 -999.000 -999.000 -999.000 -999.000 -999.000 -999.000 -999.000 -999.000 -999.000 -999.000 -999.000 -999.000 -999.000 -999.000 -999.000 -999.000 -999.000 -999.000 -999.000 -999.000 -999.000 -999.000 -999.000 -999.000 -999.000 -999.000 -999.000 -999.000 -999.000 -999.000 165.863 165.877 165.894 165.913 165.934 165.958 165.985 166.015 166.047 166.083 166.122 166.165 166.211 166.260 166.313 166.369 166.430 166.494 166.562 166.634 166.709 166.788
-999.000 -999.000 -999.000 -999.000 -999.000 -999.000 -999.000 -999.000 -999.000 -999.000 -999.000 -999.000 -999.000 -999.000 -999.000 -999.000 -999.000 -999.000 -999.000 -999.000 -999.000 -999.000 -999.000 -999.000 -999.000 -999.000 -999.000 -999.000 -999.000 -999.000 -999.000 -999.000 -999.000 -999.000 -999.000 -999.000 -999.000 -999.000 -999.000 -999.000 -999.000 -999.000 -999.000 -999.000 165.664 165.676 165.691 165.708 165.728 165.751 165.776 165.805 165.837 165.871 165.910 165.951 165.996 166.045 166.098 166.154 166.214 166.278 166.346 166.418 166.494 166.573
-999.000 -999.000 -999.000 -999.000 -999.000 -999.000 -999.000 -999.000 -999.000 -999.000 -999.000 -999.000 -999.000 -999.000 -999.000 -999.000 -999.000 -999.000 -999.000 -999.000 -999.000 -999.000 -999.000 -999.000 -999.000 -999.000 -999.000 -999.000 -999.000 -999.000 -999.000 -999.000 -999.000 -999.000 -999.000 -999.000 -999.000 -999.000 -999.000 -999.000 -999.000 -999.000 -999.000 -999.000 -999.000 165.472 165.485 165.501 165.519 165.540 165.565 165.592 165.623 165.656 165.694 165.735 165.779 165.828 165.880 165.936 165.996 166.059 166.127 166.199 166.275 166.355
-999.000 -999.000 -999.000 -999.000 -999.000 -999.000 -999.000 -999.000 -999.000 -999.000 -999.000 -999.000 -999.000 -999.000 -999.000 -999.000 -999.000 -999.000 -999.000 -999.000 -999.000 -999.000 -999.000 -999.000 -999.000 -999.000 -999.000 -999.000 -999.000 -999.000 -999.000 -999.000 -999.000 -999.000 -999.000 -999.000 -999.000 -999.000 -999.000 -999.000 -999.000 -999.000 -999.000 -999.000 -999.000 165.265 165.276 165.290 165.307 165.327 165.350 165.376 165.406 165.439 165.475 165.515 165.559 165.607 165.659 165.714 165.774 165.838 165.906 165.978 166.054 166.134
-999.000 -999.000 -999.000 -999.000 -999.000 -999.000 -999.000 -999.000 -999.000 -999.000 -999.000 -999.000 -999.000 -999.000 -999.000 -999.000 -999.000 -999.000 -999.000 -999.000 -999.000 -999.000 -999.000 -999.000 -999.000 -999.000 -999.000 -999.000 -999.000 -999.000 -999.000 -999.000 -999.000 -999.000 -999.000 -999.000 -999.000 -999.000 -999.000 -999.000 -999.000 -999.000 -999.000 -999.000 -999.000 165.055 165.064 165.077 165.092 165.111 165.133 165.157 165.186 165.218 165.253 165.293 165.336 165.383 165.435 165.490 165.550 165.613 165.681 165.753 165.828 165.907
-999.000 -999.000 -999.000 -999.000 -999.000 -999.000 -999.000 -999.000 -999.000 -999.000 -999.000 -999.000 -999.000 -999.000 -999.000 -999.000 -999.000 -999.000 -999.000 -999.000 -999.000 -999.000 -999.000 -999.000 -999.000 -999.000 -999.000 -999.000 -999.000 -999.000 -999.000 -999.000 -999.000 -999.000 -999.000 -999.000 -999.000 -999.000 -999.000 -999.000 -999.000 -999.000 -999.000 -999.000 164.836 164.842 164.850 164.861 164.875 164.892 164.912 164.936 164.963 164.994 165.029 165.068 165.110 165.157 165.208 165.261 165.318 165.379 165.444 165.514 165.588 165.667
-999.000 -999.000 -999.000 -999.000 -999.000 -999.000 -999.000 -999.000 -999.000 -999.000 -999.000 -999.000 -999.000 -999.000 -999.000 -999.000 -999.000 -999.000 -999.000 -999.000 -999.000 -999.000 -999.000 -999.000 -999.000 -999.000 -999.000 -999.000 -999.000 -999.000 -999.000 -999.000 -999.000 -999.000 -999.000 -999.000 -999.000 -999.000 -999.000 -999.000 -999.000 -999.000 -999.000 164.622 164.623 164.626 164.633 164.642 164.654 164.670 164.689 164.712 164.738 164.768 164.802 164.838 164.877 164.920 164.967 165.018 165.074 165.134 165.199 165.269 165.343 165.422
-999.000 -999.000 -999.000 -999.000 -999.000 -999.000 -999.000 -999.000 -999.000 -999.000 -999.000 -999.000 -999.000 -999.000 -999.000 -999.000 -999.000 -999.000 -999.000 -999.000 -999.000 -999.000 -999.000 -999.000 -999.000 -999.000 -999.000 -999.000 -999.000 -999.000 -999.000 -999.000 -999.000 -999.000 -999.000 -999.000 -999.000 -999.000 -999.000 -999.000 -999.000 164.421 164.411 164.407 164.406 164.408 164.413 164.421 164.432 164.446 164.464 164.485 164.508 164.533 164.562 164.595 164.632 164.674 164.720 164.770 164.824 164.879 164.940 165.006 165.077 165.153
-999.000 -999.000 -999.000 -999.000 -999.000 -999.000 -999.000 -999.000 -999.000 -999.000 -999.000 -999.000 -999.000 -999.000 -999.000 -999.000 -999.000 -999.000 -999.000 -999.000 -999.000 -999.000 -999.000 -999.000 -999.000 -999.000 -999.000 -999.000 -999.000 -999.000 -999.000 -999.000 -999.000 -999.000 -999.000 -999.000 -999.000 -999.000 -999.000 -999.000 164.224 164.208 164.196 164.191 164.188 164.188 164.191 164.197 164.207 164.219 164.231 164.246 164.265 164.288 164.315 164.347 164.381 164.415 164.455 164.501 164.551 164.608 164.669 164.736 164.808 164.885
-999.000 -999.000 -999.000 -999.000 -999.000 -999.000 -999.000 -999.000 -999.000 -999.000 -999.000 -999.000 -999.000 -999.000 -999.000 -999.000 -999.000 -999.000 -999.000 -999.000 -999.000 -999.000 -999.000 -999.000 -999.000 -999.000 -999.000 -999.000 -999.000 -999.000 -999.000 -999.000 -999.000 -999.000 -999.000 -999.000 -999.000 -999.000 -999.000 164.031 164.010 163.993 163.979 163.972 163.967 163.966 163.967 163.969 163.972 163.978 163.987 164.000 164.018 164.036 164.054 164.078 164.108 164.143 164.184 164.229 164.281 164.337 164.399 164.467 164.539 164.617
-999.000 -999.000 -999.000 -999.000 -999.000 -999.000 -999.000 -999.000 -999.000 -999.000 -999.000 -999.000 -999.000 -999.000 -999.000 -999.000 -999.000 -999.000 -999.000 -999.000 -999.000 -999.000 -999.000 -999.000 -999.000 -999.000 -999.000 -999.000 -999.000 -999.000 -999.000 -999.000 -999.000 -999.000 -999.000 -999.000 -999.000 -999.000 163.843 163.818 163.795 163.776 163.760 163.751 163.745 163.738 163.731 163.728 163.728 163.732 163.738 163.741 163.750 163.763 163.782 163.807 163.837 163.872 163.912 163.958 164.010 164.066 164.128 164.195 164.268 164.346
-999.000 -999.000 -999.000 -999.000 -999.000 -999.000 -999.000 -999.000 -999.000 -999.000 -999.000 -999.000 -999.000 -999.000 -999.000 -999.000 -999.000 -999.000 -999.000 -999.000 -999.000 -999.000 -999.000 -999.000 -999.000 -999.000 -999.000 -999.000 -999.000 -999.000 -999.000 -999.000 -999.000 -999.000 -999.000 -999.000 163.698 163.662 163.631 163.603 163.578 163.557 163.539 163.525 163.510 163.498 163.489 163.484 163.477 163.469 163.467 163.470 163.479 163.493 163.512 163.536 163.565 163.600 163.640 163.685 163.736 163.792 163.854 163.921 163.993 164.071
-999.000 -999.000 -999.000 -999.000 -999.000 -999.000 -999.000 -999.000 -999.000 -999.000 -999.000 -999.000 -999.000 -999.000 -999.000 -999.000 -999.000 -999.000 -999.000 -999.000 -999.000 -999.000 -999.000 -999.000 -999.000 -999.000 -999.000 -999.000 -999.000 -999.000 -999.000 -999.000 -999.000 -999.000 163.570 163.528 163.488 163.450 163.417 163.387 163.360 163.334 163.308 163.287 163.270 163.255 163.237 163.220 163.208 163.200 163.198 163.201 163.209 163.222 163.240 163.263 163.292 163.325 163.364 163.409 163.459 163.514 163.574 163.641 163.713 163.790
-999.000 -999.000 -999.000 -999.000 -999.000 -999.000 -999.000 -999.000 -999.000 -999.000 -999.000 -999.000 -999.000 -999.000 -999.000 -999.000 -999.000 -999.000 -999.000 -999.000 -999.000 -999.000 -999.000 -999.000 -999.000 -999.000 -999.000 -999.000 -999.000 -999.000 -999.000 -999.000 163.460 163.411 163.364 163.320 163.277 163.237 163.201 163.169 163.133 163.099 163.070 163.047 163.020 162.992 162.970 162.953 162.940 162.933 162.929 162.931 162.938 162.949 162.966 162.988 163.014 163.047 163.084 163.127 163.175 163.229 163.289 163.354 163.425 163.502
-999.000 -999.000 -999.000 -999.000 -999.000 -999.000 -999.000 -999.000 -999.000 -999.000 -999.000 -999.000 -999.000 -999.000 -999.000 -999.000 -999.000 -999.000 -999.000 -999.000 -999.000 -999.000 -999.000 -999.000 -999.000 -999.000 -999.000 -999.000 -999.000 -999.000 -999.000 163.311 163.258 163.206 163.157 163.110 163.065 163.022 162.979 162.937 162.898 162.862 162.825 162.787 162.755 162.728 162.705 162.687 162.673 162.664 162.659 162.659 162.664 162.673 162.688 162.707 162.732 162.762 162.797 162.838 162.885 162.937 162.995 163.059 163.129 163.206
-999.000 -999.000 -999.000 -999.000 -999.000 -999.000 -999.000 -999.000 -999.000 -999.000 -999.000 -999.000 -999.000 -999.000 -999.000 -999.000 -999.000 -999.000 -999.000 -999.000 -999.000 -999.000 -999.000 -999.000 -999.000 -999.000 -999.000 -999.000 -999.000 -999.000 163.169 163.111 163.054 163.000 162.948 162.899 162.851 162.798 162.749 162.703 162.660 162.608 162.563 162.526 162.493 162.464 162.440 162.420 162.405 162.393 162.386 162.383 162.386 162.392 162.404 162.421 162.443 162.470 162.503 162.542 162.586 162.637 162.693 162.756 162.825 162.900
-999.000 -999.000 -999.000 -999.000 -999.000 -999.000 -999.000 -999.000 -999.000 -999.000 -999.000 -999.000 -999.000 -999.000 -999.000 -999.000 -999.000 -999.000 -999.000 -999.000 -999.000 -999.000 -999.000 -999.000 -999.000 -999.000 -999.000 -999.000 -999.000 163.034 162.970 162.909 162.850 162.793 162.739 162.683 162.624 162.568 162.515 162.459 162.401 162.349 162.303 162.265 162.231 162.201 162.174 162.152 162.134 162.119 162.109 162.103 162.102 162.105 162.114 162.128 162.146 162.171 162.201 162.237 162.279 162.327 162.382 162.442 162.510 162.583
-999.000 -999.000 -999.000 -999.000 -999.000 -999.000 -999.000 -999.000 -999.000 -999.000 -999.000 -999.000 -999.000 -999.000 -999.000 -999.000 -999.000 -999.000 -999.000 -999.000 -999.000 -999.000 -999.000 -999.000 -999.000 -999.000 -999.000 -999.000 162.905 162.837 162.771 162.707 162.645 162.586 162.522 162.458 162.396 162.335 162.266 162.203 162.145 162.092 162.044 162.004 161.968 161.935 161.906 161.880 161.858 161.840 161.826 161.816 161.811 161.811 161.816 161.826 161.842 161.863 161.889 161.922 161.962 162.007 162.060 162.118 162.184 162.256
-999.000 -999.000 -999.000 -999.000 -999.000 -999.000 -999.000 -999.000 -999.000 -999.000 -999.000 -999.000 -999.000 -999.000 -999.000 -999.000 -999.000 -999.000 -999.000 -999.000 -999.000 -999.000 -999.000 -999.000 -999.000 -999.000 -999.000 162.784 162.711 162.639 162.570 162.504 162.438 162.367 162.298 162.231 162.158 162.082 162.013 161.949 161.890 161.835 161.785 161.742 161.703 161.666 161.633 161.604 161.578 161.555 161.537 161.523 161.514 161.509 161.510 161.516 161.527 161.545 161.568 161.598 161.634 161.677 161.727 161.783 161.847 161.918
-999.000 -999.000 -999.000 -999.000 -999.000 -999.000 -999.000 -999.000 -999.000 -999.000 -999.000 -999.000 -999.000 -999.000 -999.000 -999.000 -999.000 -999.000 -999.000 -999.000 -999.000 -999.000 -999.000 -999.000 -999.000 -999.000 162.669 162.591 162.515 162.441 162.370 162.298 162.221 162.146 162.073 161.991 161.909 161.832 161.762 161.696 161.635 161.577 161.524 161.478 161.434 161.393 161.356 161.322 161.291 161.264 161.241 161.222 161.208 161.199 161.195 161.196 161.204 161.217 161.236 161.263 161.296 161.336 161.383 161.437 161.498 161.568
-999.000 -999.000 -999.000 -999.000 -999.000 -999.000 -999.000 -999.000 -999.000 -999.000 -999.000 -999.000 -999.000 -999.000 -999.000 -999.000 -999.000 -999.000 -999.000 -999.000 -999.000 -999.000 -999.000 -999.000 -999.000 162.562 162.479 162.399 162.320 162.243 162.165 162.082 162.002 161.923 161.831 161.745 161.662 161.584 161.511 161.443 161.379 161.318 161.260 161.209 161.161 161.116 161.073 161.034 160.998 160.965 160.937 160.913 160.894 160.879 160.870 160.867 160.870 160.879 160.894 160.917 160.946 160.983 161.027 161.079 161.138 161.206
-999.000 -999.000 -999.000 -999.000 -999.000 -999.000 -999.000 -999.000 -999.000 -999.000 -999.000 -999.000 -999.000 -999.000 -999.000 -999.000 -999.000 -999.000 -999.000 -999.000 -999.000 -999.000 -999.000 -999.000 162.462 162.375 162.289 162.206 162.124 162.039 161.952 161.866 161.778 161.681 161.588 161.501 161.417 161.336 161.261 161.189 161.121 161.055 160.993 160.937 160.884 160.833 160.784 160.739 160.697 160.659 160.625 160.595 160.570 160.551 160.536 160.528 160.526 160.530 160.542 160.560 160.586 160.619 160.661 160.710 160.767 160.832
-999.000 -999.000 -999.000 -999.000 -999.000 -999.000 -999.000 -999.000 -999.000 -999.000 -999.000 -999.000 -999.000 -999.000 -999.000 -999.000 -999.000 -999.000 -999.000 -999.000 -999.000 -999.000 -999.000 162.369 162.277 162.187 162.099 162.013 161.923 161.830 161.738 161.643 161.539 161.441 161.348 161.259 161.172 161.088 161.009 160.933 160.860 160.789 160.721 160.660 160.600 160.543 160.489 160.437 160.389 160.345 160.304 160.268 160.238 160.212 160.193 160.179 160.172 160.171 160.178 160.192 160.214 160.244 160.283 160.329 160.384 160.448
-999.000 -999.000 -999.000 -999.000 -999.000 -999.000 -999.000 -999.000 -999.000 -999.000 -999.000 -999.000 -999.000 -999.000 -999.000 -999.000 -999.000 -999.000 -999.000 -999.000 -999.000 -999.000 162.284 162.188 162.093 162.000 161.909 161.814 161.716 161.619 161.516 161.407 161.303 161.204 161.109 161.017 160.926 160.839 160.755 160.674 160.595 160.519 160.445 160.377 160.311 160.247 160.186 160.128 160.073 160.022 159.975 159.933 159.896 159.864 159.839 159.820 159.807 159.802 159.804 159.814 159.832 159.859 159.894 159.938 159.990 160.052
-999.000 -999.000 -999.000 -999.000 -999.000 -999.000 -999.000 -999.000 -999.000 -999.000 -999.000 -999.000 -999.000 -999.000 -999.000 -999.000 -999.000 -999.000 -999.000 -999.000 162.307 162.206 162.106 162.007 161.909 161.813 161.714 161.610 161.508 161.400 161.285 161.175 161.070 160.968 160.870 160.774 160.680 160.587 160.498 160.411 160.326 160.243 160.163 160.088 160.015 159.944 159.876 159.811 159.749 159.691 159.637 159.588 159.545 159.507 159.476 159.451 159.433 159.423 159.420 159.426 159.440 159.463 159.496 159.540 159.592 159.654
-999.000 -999.000 -999.000 -999.000 -999.000 -999.000 -999.000 -999.000 -999.000 -999.000 -999.000 -999.000 -999.000 -999.000 -999.000 -999.000 -999.000 -999.000 -999.000 162.241 162.135 162.031 161.928 161.826 161.726 161.622 161.514 161.406 161.293 161.172 161.056 160.945 160.838 160.733 160.631 160.531 160.431 160.333 160.237 160.144 160.053 159.963 159.875 159.793 159.713 159.635 159.559 159.486 159.417 159.352 159.291 159.235 159.185 159.141 159.104 159.073 159.050 159.034 159.027 159.031 159.044 159.067 159.098 159.138 159.188 159.247
-999.000 -999.000 -999.000 -999.000 -999.000 -999.000 -999.000 -999.000 -999.000 -999.000 -999.000 -999.000 -999.000 -999.000 -999.000 -999.000 -999.000 -999.000 -999.000 162.073 161.964 161.857 161.751 161.646 161.539 161.426 161.313 161.196 161.069 160.948 160.830 160.717 160.606 160.497 160.391 160.285 160.180 160.076 159.974 159.874 159.775 159.678 159.582 159.492 159.404 159.318 159.235 159.154 159.077 159.005 158.937 158.874 158.817 158.767 158.723 158.686 158.659 158.643 158.635 158.634 158.643 158.661 158.688 158.724 158.770 158.826
-999.000 -999.000 -999.000 -999.000 -999.000 -999.000 -999.000 -999.000 -999.000 -999.000 -999.000 -999.000 -999.000 -999.000 -999.000 -999.000 -999.000 -999.000 -999.000 -999.000 161.794 161.683 161.574 161.465 161.347 161.230 161.109 160.976 160.849 160.726 160.606 160.489 160.374 160.261 160.149 160.038 159.926 159.816 159.706 159.598 159.492 159.387 159.283 159.184 159.088 158.995 158.903 158.815 158.730 158.650 158.575 158.505 158.441 158.384 158.337 158.299 158.269 158.247 158.232 158.227 158.230 158.242 158.264 158.295 158.337 158.389
