tests/2D_interpolations/2009-01-19T12.00_RSWR_ref.asc
ncols               386
nrows               229
xllcorner    479497.492
yllcorner     73502.967
cellsize       1000.000
NODATA_value -999
[rows 145 to 173 of 229, columns 198 to 263 of 386]
195.317 195.722 196.141 196.569 197.020 197.495 197.991 198.506 199.033 199.565 200.105 200.683 201.248 201.803 202.355 202.898 203.419 203.900 204.316 204.656 204.914 205.077 205.136 205.086 204.932 204.683 204.353 203.954 203.489 202.985 202.461 201.931 201.403 200.874 200.328 199.822 199.334 198.850 198.377 197.921 197.485 197.071 196.676 196.294 195.915 195.550 195.200 194.866 194.546 194.238 193.939 193.642 193.342 193.064 192.802 192.544 192.288 192.034 191.786 191.543 191.305 191.073 190.847 190.626 190.410 190.199
195.120 195.511 195.917 196.328 196.753 197.199 197.664 198.145 198.638 199.136 199.631 200.129 200.655 201.161 201.645 202.110 202.552 202.958 203.314 203.608 203.827 203.962 204.008 203.964 203.831 203.617 203.331 202.984 202.591 202.166 201.721 201.264 200.794 200.300 199.836 199.384 198.933 198.487 198.052 197.633 197.232 196.848 196.480 196.113 195.755 195.410 195.078 194.761 194.455 194.159 193.868 193.577 193.290 193.022 192.767 192.513 192.263 192.014 191.770 191.531 191.297 191.069 190.846 190.629 190.416 190.208
194.916 195.291 195.680 196.078 196.481 196.898 197.331 197.779 198.237 198.699 199.160 199.613 200.061 200.523 200.966 201.373 201.749 202.089 202.385 202.627 202.807 202.916 202.952 202.912 202.800 202.620 202.381 202.091 201.762 201.403 201.019 200.611 200.178 199.764 199.355 198.941 198.528 198.121 197.724 197.341 196.973 196.619 196.271 195.924 195.587 195.262 194.950 194.648 194.357 194.072 193.789 193.502 193.230 192.974 192.725 192.476 192.231 191.988 191.749 191.514 191.284 191.060 190.841 190.627 190.417 190.212
194.706 195.065 195.436 195.819 196.204 196.596 196.999 197.413 197.835 198.262 198.689 199.108 199.515 199.903 200.287 200.667 201.001 201.293 201.540 201.740 201.885 201.973 202.000 201.965 201.870 201.719 201.519 201.275 200.993 200.678 200.327 199.965 199.609 199.245 198.873 198.497 198.123 197.756 197.397 197.050 196.714 196.385 196.053 195.729 195.414 195.110 194.815 194.530 194.252 193.977 193.701 193.424 193.165 192.920 192.677 192.434 192.193 191.956 191.722 191.492 191.266 191.046 190.831 190.621 190.415 190.212
194.492 194.835 195.188 195.551 195.924 196.293 196.669 197.051 197.439 197.831 198.223 198.609 198.982 199.338 199.670 199.979 200.268 200.538 200.759 200.930 201.054 201.126 201.146 201.113 201.030 200.898 200.723 200.505 200.247 199.968 199.677 199.376 199.059 198.731 198.396 198.060 197.725 197.396 197.074 196.761 196.453 196.142 195.833 195.532 195.238 194.954 194.677 194.407 194.141 193.875 193.604 193.344 193.099 192.860 192.622 192.386 192.150 191.918 191.690 191.465 191.244 191.028 190.818 190.611 190.408 190.209
194.276 194.602 194.937 195.282 195.634 195.992 196.342 196.696 197.053 197.411 197.769 198.120 198.461 198.785 199.087 199.363 199.609 199.821 200.007 200.154 200.264 200.329 200.344 200.312 200.233 200.109 199.956 199.770 199.561 199.330 199.077 198.807 198.523 198.230 197.933 197.635 197.338 197.046 196.758 196.474 196.186 195.897 195.613 195.334 195.062 194.796 194.536 194.280 194.024 193.766 193.505 193.260 193.027 192.794 192.562 192.332 192.103 191.876 191.654 191.434 191.218 191.007 190.800 190.598 190.399 190.203
194.058 194.368 194.687 195.013 195.346 195.683 196.020 196.350 196.678 197.006 197.331 197.650 197.958 198.251 198.524 198.773 198.995 199.186 199.344 199.466 199.551 199.597 199.605 199.575 199.509 199.409 199.277 199.117 198.932 198.725 198.499 198.259 198.009 197.751 197.490 197.228 196.967 196.707 196.450 196.186 195.920 195.656 195.395 195.138 194.886 194.638 194.393 194.149 193.903 193.649 193.408 193.178 192.951 192.724 192.498 192.274 192.052 191.831 191.614 191.400 191.189 190.982 190.780 190.581 -999.000 -999.000
193.840 194.136 194.438 194.746 195.059 195.376 195.694 196.012 196.317 196.618 196.913 197.201 197.478 197.741 197.986 198.210 198.409 198.580 198.720 198.827 198.901 198.939 198.943 198.914 198.852 198.761 198.642 198.499 198.334 198.151 197.953 197.742 197.524 197.299 197.072 196.842 196.613 196.382 196.143 195.901 195.660 195.419 195.181 194.945 194.711 194.480 194.249 194.015 193.775 193.537 193.310 193.091 192.871 192.650 192.431 192.212 191.996 191.782 191.571 191.362 191.156 190.954 190.756 190.562 -999.000 -999.000
193.621 193.904 194.192 194.483 194.778 195.075 195.374 195.671 195.965 196.245 196.516 196.777 197.026 197.262 197.480 197.679 197.856 198.008 198.132 198.225 198.287 198.319 198.320 198.291 198.235 198.153 198.047 197.920 197.775 197.614 197.440 197.258 197.069 196.875 196.679 196.479 196.276 196.062 195.845 195.627 195.408 195.190 194.973 194.756 194.540 194.323 194.103 193.877 193.646 193.426 193.214 193.002 192.788 192.574 192.360 192.148 191.938 191.730 191.525 191.321 191.121 190.924 190.730 190.540 -999.000 -999.000
193.401 193.674 193.949 194.225 194.503 194.782 195.062 195.340 195.614 195.881 196.136 196.375 196.601 196.813 197.009 197.186 197.343 197.476 197.583 197.664 197.718 197.744 197.743 197.716 197.665 197.591 197.495 197.382 197.254 197.114 196.965 196.808 196.645 196.478 196.307 196.128 195.942 195.753 195.560 195.365 195.168 194.971 194.772 194.573 194.372 194.166 193.955 193.734 193.524 193.319 193.116 192.910 192.702 192.494 192.287 192.081 191.877 191.675 191.476 191.279 191.084 190.891 190.702 190.515 -999.000 -999.000
193.179 193.445 193.709 193.972 194.235 194.498 194.760 195.020 195.275 195.524 195.764 195.991 196.202 196.394 196.571 196.730 196.868 196.985 197.079 197.149 197.195 197.216 197.215 197.190 197.141 197.073 196.990 196.891 196.780 196.659 196.530 196.395 196.254 196.108 195.953 195.792 195.628 195.460 195.290 195.117 194.941 194.762 194.580 194.396 194.206 194.010 193.804 193.603 193.406 193.213 193.016 192.816 192.615 192.413 192.212 192.012 191.814 191.618 191.425 191.234 191.044 190.857 190.672 -999.000 -999.000 -999.000
192.954 193.215 193.471 193.725 193.975 194.223 194.469 194.712 194.951 195.182 195.405 195.616 195.814 195.998 196.163 196.307 196.431 196.535 196.618 196.680 196.719 196.738 196.734 196.708 196.665 196.606 196.533 196.446 196.348 196.242 196.129 196.010 195.883 195.753 195.617 195.478 195.335 195.188 195.038 194.883 194.725 194.563 194.396 194.223 194.043 193.852 193.663 193.476 193.293 193.105 192.915 192.722 192.527 192.331 192.136 191.942 191.750 191.560 191.373 191.188 191.003 190.820 -999.000 -999.000 -999.000 -999.000
-999.000 192.982 193.234 193.480 193.721 193.957 194.190 194.418 194.641 194.857 195.064 195.260 195.444 195.614 195.768 195.905 196.023 196.120 196.195 196.251 196.287 196.301 196.296 196.274 196.235 196.182 196.115 196.037 195.949 195.852 195.751 195.645 195.536 195.423 195.307 195.188 195.064 194.936 194.804 194.667 194.524 194.375 194.219 194.055 193.879 193.704 193.529 193.357 193.180 192.998 192.814 192.627 192.439 192.249 192.060 191.872 191.685 191.501 191.319 191.138 190.959 190.780 -999.000 -999.000 -999.000 -999.000
-999.000 192.745 192.996 193.238 193.472 193.699 193.920 194.136 194.346 194.548 194.741 194.924 195.095 195.253 195.396 195.523 195.632 195.723 195.795 195.849 195.882 195.896 195.893 195.873 195.836 195.787 195.725 195.653 195.575 195.490 195.402 195.312 195.218 195.123 195.024 194.922 194.816 194.705 194.588 194.465 194.335 194.196 194.047 193.888 193.727 193.565 193.405 193.239 193.068 192.892 192.713 192.533 192.351 192.167 191.983 191.800 191.619 191.439 191.262 191.086 190.912 190.737 -999.000 -999.000 -999.000 -999.000
-999.000 192.523 192.754 192.993 193.224 193.446 193.659 193.866 194.065 194.256 194.437 194.608 194.768 194.916 195.049 195.167 195.269 195.354 195.422 195.472 195.503 195.518 195.516 195.498 195.466 195.421 195.367 195.305 195.236 195.163 195.087 195.009 194.931 194.851 194.768 194.682 194.590 194.493 194.389 194.276 194.155 194.022 193.878 193.734 193.586 193.438 193.283 193.122 192.956 192.786 192.612 192.437 192.260 192.083 191.904 191.727 191.551 191.376 191.204 191.033 190.862 190.692 190.519 -999.000 -999.000 -999.000
-999.000 192.309 192.530 192.751 192.975 193.194 193.404 193.604 193.796 193.977 194.149 194.311 194.462 194.601 194.726 194.838 194.934 195.015 195.080 195.127 195.159 195.174 195.174 195.160 195.132 195.095 195.047 194.992 194.932 194.869 194.805 194.741 194.675 194.609 194.539 194.466 194.387 194.300 194.204 194.099 193.982 193.854 193.726 193.593 193.457 193.312 193.162 193.006 192.845 192.680 192.512 192.342 192.170 191.998 191.826 191.653 191.482 191.312 191.144 190.976 190.810 190.643 190.471 190.301 -999.000 -999.000
-999.000 -999.000 192.315 192.524 192.735 192.940 193.149 193.347 193.534 193.710 193.876 194.031 194.175 194.307 194.427 194.533 194.626 194.704 194.766 194.813 194.846 194.864 194.867 194.857 194.835 194.804 194.763 194.716 194.666 194.613 194.560 194.506 194.452 194.397 194.338 194.274 194.203 194.123 194.033 193.930 193.822 193.708 193.589 193.464 193.331 193.190 193.044 192.892 192.736 192.575 192.412 192.246 192.080 191.913 191.746 191.578 191.412 191.247 191.083 190.919 190.756 190.589 190.422 190.255 -999.000 -999.000
-999.000 -999.000 192.105 192.310 192.509 192.706 192.898 193.089 193.275 193.449 193.612 193.763 193.903 194.032 194.148 194.251 194.341 194.418 194.480 194.528 194.563 194.584 194.592 194.588 194.573 194.548 194.515 194.478 194.436 194.392 194.349 194.305 194.260 194.214 194.163 194.105 194.039 193.962 193.874 193.782 193.681 193.576 193.461 193.338 193.208 193.072 192.928 192.780 192.628 192.472 192.313 192.152 191.991 191.829 191.666 191.504 191.342 191.181 191.021 190.860 190.698 190.534 190.370 190.207 -999.000 -999.000
-999.000 -999.000 191.896 192.098 192.294 192.483 192.665 192.845 193.019 193.189 193.352 193.503 193.642 193.769 193.884 193.986 194.076 194.153 194.217 194.268 194.306 194.332 194.346 194.348 194.341 194.324 194.301 194.272 194.240 194.206 194.172 194.136 194.099 194.059 194.013 193.958 193.893 193.822 193.742 193.655 193.559 193.454 193.340 193.219 193.090 192.956 192.815 192.671 192.522 192.370 192.216 192.059 191.902 191.745 191.587 191.429 191.271 191.114 190.957 190.798 190.638 190.478 190.317 190.157 -999.000 -999.000
-999.000 191.485 191.689 191.887 192.081 192.268 192.446 192.618 192.783 192.945 193.098 193.243 193.385 193.513 193.630 193.734 193.825 193.905 193.972 194.027 194.070 194.102 194.123 194.133 194.135 194.129 194.116 194.098 194.077 194.053 194.028 194.001 193.970 193.933 193.890 193.839 193.778 193.708 193.630 193.542 193.444 193.338 193.225 193.104 192.976 192.844 192.706 192.563 192.419 192.270 192.119 191.967 191.814 191.661 191.508 191.354 191.200 191.046 190.891 190.733 190.576 190.419 190.262 190.105 -999.000 -999.000
-999.000 -999.000 191.485 191.680 191.870 192.054 192.231 192.401 192.564 192.719 192.865 193.006 193.139 193.263 193.378 193.486 193.581 193.666 193.738 193.799 193.849 193.888 193.917 193.937 193.950 193.955 193.954 193.950 193.941 193.931 193.918 193.902 193.879 193.847 193.804 193.751 193.687 193.613 193.530 193.438 193.338 193.229 193.115 192.993 192.866 192.735 192.599 192.458 192.317 192.172 192.025 191.876 191.726 191.577 191.428 191.278 191.127 190.977 190.822 190.667 190.513 190.359 190.206 190.052 -999.000 -999.000
-999.000 -999.000 191.284 191.475 191.662 191.844 192.018 192.186 192.348 192.502 192.648 192.786 192.915 193.036 193.150 193.254 193.349 193.435 193.510 193.576 193.633 193.681 193.720 193.752 193.776 193.795 193.811 193.824 193.836 193.846 193.852 193.850 193.834 193.800 193.749 193.686 193.612 193.529 193.439 193.340 193.236 193.124 193.007 192.886 192.758 192.627 192.494 192.355 192.216 192.074 191.930 191.785 191.639 191.494 191.348 191.201 191.054 190.903 190.751 190.599 190.448 190.298 190.148 189.997 189.850 -999.000
-999.000 -999.000 191.085 191.274 191.457 191.637 191.809 191.975 192.136 192.289 192.434 192.572 192.703 192.825 192.939 193.043 193.139 193.227 193.306 193.377 193.441 193.496 193.545 193.588 193.627 193.661 193.694 193.726 193.759 193.793 193.824 193.842 193.829 193.782 193.713 193.633 193.546 193.452 193.352 193.247 193.137 193.022 192.903 192.780 192.652 192.522 192.390 192.253 192.116 191.977 191.837 191.695 191.552 191.410 191.267 191.124 190.976 190.828 190.679 190.530 190.382 190.236 190.089 189.941 189.797 189.655
-999.000 -999.000 190.890 191.075 191.256 191.433 191.604 191.768 191.928 192.080 192.225 192.363 192.495 192.619 192.734 192.841 192.942 193.034 193.117 193.194 193.265 193.328 193.387 193.441 193.492 193.541 193.590 193.640 193.694 193.753 193.815 193.863 193.849 193.776 193.682 193.583 193.480 193.374 193.265 193.154 193.039 192.920 192.798 192.674 192.546 192.417 192.286 192.152 192.016 191.881 191.743 191.604 191.464 191.325 191.185 191.042 190.896 190.751 190.605 190.459 190.315 190.172 190.028 189.884 189.743 189.605
-999.000 -999.000 190.699 190.881 191.060 191.234 191.403 191.566 191.724 191.875 192.020 192.158 192.291 192.416 192.534 192.644 192.748 192.844 192.933 193.016 193.093 193.164 193.232 193.296 193.359 193.420 193.484 193.550 193.621 193.699 193.781 193.849 193.834 193.742 193.632 193.518 193.404 193.289 193.173 193.056 192.937 192.816 192.692 192.568 192.440 192.311 192.182 192.050 191.917 191.784 191.648 191.512 191.375 191.238 191.099 190.958 190.815 190.673 190.529 190.387 190.246 190.107 189.966 189.825 189.688 -999.000
-999.000 190.329 190.512 190.691 190.867 191.039 191.206 191.367 191.524 191.674 191.819 191.957 192.091 192.217 192.337 192.449 192.557 192.657 192.750 192.839 192.923 193.001 193.077 193.151 193.223 193.295 193.369 193.445 193.526 193.609 193.689 193.741 193.728 193.651 193.544 193.428 193.310 193.192 193.071 192.951 192.831 192.707 192.583 192.459 192.332 192.205 192.077 191.946 191.816 191.686 191.553 191.419 191.284 191.147 191.010 190.872 190.733 190.593 190.453 190.314 190.176 190.040 189.903 189.765 189.631 189.499
-999.000 190.149 190.329 190.506 190.679 190.848 191.014 191.173 191.329 191.478 191.622 191.761 191.894 192.022 192.144 192.258 192.368 192.472 192.570 192.663 192.752 192.837 192.920 193.001 193.080 193.160 193.240 193.321 193.403 193.481 193.548 193.584 193.572 193.511 193.419 193.312 193.196 193.078 192.958 192.837 192.717 192.594 192.471 192.347 192.221 192.096 191.970 191.841 191.714 191.586 191.456 191.323 191.189 191.054 190.920 190.785 190.648 190.512 190.375 190.240 190.105 189.972 189.839 189.704 189.573 -999.000
189.785 189.972 190.150 190.324 190.495 190.662 190.826 190.984 191.138 191.286 191.429 191.568 191.702 191.831 191.954 192.070 192.181 192.289 192.390 192.487 192.580 192.670 192.758 192.845 192.929 193.013 193.095 193.177 193.255 193.325 193.379 193.405 193.393 193.345 193.266 193.169 193.062 192.948 192.833 192.715 192.596 192.474 192.353 192.231 192.108 191.985 191.861 191.735 191.610 191.484 191.354 191.223 191.091 190.959 190.828 190.696 190.563 190.429 190.296 190.164 190.033 189.903 189.773 189.642 189.513 -999.000
189.614 189.798 189.975 190.146 190.315 190.480 190.642 190.798 190.951 191.099 191.241 191.379 191.513 191.642 191.766 191.884 191.997 192.107 192.210 192.310 192.407 192.502 192.592 192.683 192.770 192.855 192.937 193.016 193.088 193.149 193.194 193.213 193.203 193.161 193.094 193.010 192.911 192.806 192.695 192.582 192.466 192.348 192.231 192.111 191.990 191.870 191.749 191.625 191.503 191.377 191.249 191.120 190.991 190.863 190.735 190.605 190.476 190.345 190.216 190.087 189.960 189.833 189.706 189.578 -999.000 -999.000
