tests/2D_interpolations/2009-01-19T12.00_VW_ref.asc
ncols               386
nrows               229
xllcorner    479497.492
yllcorner     73502.967
cellsize       1000.000
NODATA_value -999
[rows 192 to 223 of 229, columns 71 to 141 of 386]
3.155 6.058 4.559 3.267 0.861 3.349 4.542 2.421 1.450 1.592 2.440 3.235 3.360 4.008 7.696 7.757 8.791 12.632 12.466 15.379 11.985 7.863 10.568 12.940 14.192 14.017 16.399 16.706 16.637 14.928 12.626 10.313 8.536 7.862 8.387 7.291 6.749 4.205 1.249 4.879 5.702 2.810 0.818 1.191 2.668 8.505 7.207 3.811 2.541 3.604 9.444 9.646 6.518 2.307 0.086 3.017 2.755 2.196 0.420 3.075 0.628 0.125 1.983 5.320 5.216 2.197 3.398 7.446 2.268 2.552 3.379
-999.000 -999.000 -999.000 -999.000 -999.000 4.113 3.173 1.930 0.970 4.618 1.167 4.093 2.850 0.995 1.046 3.731 6.793 11.956 17.810 14.825 15.456 12.110 13.668 14.038 14.134 11.176 16.173 14.620 12.640 10.978 8.396 6.674 4.635 4.972 6.391 5.078 4.347 3.490 2.134 5.054 4.906 1.591 1.368 0.853 3.815 7.609 6.171 3.734 0.516 2.511 5.551 7.761 8.440 4.249 2.674 0.531 3.054 0.552 0.373 2.476 0.667 1.824 1.201 5.178 5.989 2.762 1.859 5.287 4.995 6.341 6.476
-999.000 -999.000 -999.000 -999.000 -999.000 -999.000 -999.000 -999.000 1.135 1.894 2.859 0.790 1.010 1.093 3.325 5.638 9.331 12.407 15.292 11.585 15.006 14.935 14.034 13.826 11.042 16.813 14.821 11.932 10.131 8.650 6.064 3.917 2.540 3.473 4.507 5.092 0.454 1.652 1.659 5.507 3.883 0.587 1.628 0.194 3.009 6.415 5.630 2.785 0.758 1.897 2.392 6.723 7.852 7.716 4.385 1.137 0.258 2.009 0.679 2.444 0.261 3.975 0.405 4.008 6.156 2.878 0.502 1.269 6.451 6.316 9.781
-999.000 -999.000 -999.000 -999.000 -999.000 -999.000 -999.000 -999.000 0.947 0.736 0.356 3.670 4.043 3.629 4.347 8.367 10.866 12.390 10.209 17.434 11.025 14.476 19.744 18.770 16.538 14.590 11.080 8.106 6.617 4.993 3.439 2.683 3.775 3.976 3.126 3.122 1.483 0.731 2.936 3.866 3.667 0.234 1.701 2.463 0.833 5.092 6.265 1.570 2.856 0.524 3.031 6.333 7.442 8.557 6.536 3.899 1.843 1.505 0.135 1.543 0.247 3.129 4.441 1.670 5.919 1.070 2.217 1.576 3.676 6.184 11.995
-999.000 -999.000 -999.000 -999.000 -999.000 -999.000 -999.000 0.811 3.225 0.523 1.237 2.374 2.553 3.159 8.217 10.161 12.871 8.749 7.021 11.056 16.143 19.931 19.820 15.781 13.655 10.684 8.313 5.374 7.625 9.254 5.424 5.592 6.533 6.638 3.812 2.380 0.273 0.253 2.372 1.423 2.723 1.197 1.628 4.183 0.671 3.557 6.323 3.105 0.537 0.331 3.505 1.044 4.579 6.061 8.220 5.819 2.918 0.245 3.408 0.462 1.674 0.435 1.820 1.231 5.138 2.641 0.237 1.305 2.579 5.832 11.834
-999.000 -999.000 -999.000 -999.000 -999.000 -999.000 -999.000 0.128 3.675 2.846 0.979 0.713 2.915 4.424 8.154 12.578 8.499 8.183 9.171 12.218 13.732 15.664 13.943 11.264 9.508 8.488 6.457 8.448 9.774 11.329 8.736 8.639 6.886 7.290 5.237 2.708 0.113 2.004 0.642 1.590 0.809 0.755 0.471 2.252 0.054 2.343 5.427 3.467 0.887 1.069 2.103 1.471 1.198 4.753 7.896 6.784 3.600 0.855 0.610 2.625 0.542 0.232 0.614 1.325 3.316 3.852 1.889 0.357 1.250 3.051 10.380
-999.000 -999.000 -999.000 -999.000 -999.000 -999.000 -999.000 0.513 3.674 3.246 0.084 3.565 5.259 7.751 9.107 9.693 6.529 7.641 10.931 14.122 14.338 12.709 12.400 10.537 9.121 10.621 9.320 10.931 11.292 11.921 12.429 11.320 9.660 7.993 5.191 2.017 1.245 0.528 3.759 2.407 3.124 0.460 0.374 2.798 3.476 0.397 4.170 3.464 0.565 0.406 0.004 0.456 1.102 4.433 7.736 6.530 4.045 1.485 0.158 0.673 1.762 0.742 4.128 1.918 3.871 0.799 1.431 2.244 1.550 3.392 7.827
-999.000 -999.000 -999.000 -999.000 -999.000 -999.000 -999.000 1.006 3.823 4.077 0.288 3.673 7.465 9.216 9.779 6.021 5.603 9.756 12.196 13.354 10.299 12.405 11.347 10.956 11.620 12.907 13.246 11.910 10.525 12.448 11.084 9.781 11.972 10.097 6.791 2.982 2.360 1.593 0.490 4.779 4.204 1.776 2.568 1.969 1.510 0.665 1.578 1.942 2.130 3.565 3.849 0.336 2.163 5.166 6.531 6.723 5.813 4.289 1.632 3.840 3.641 4.048 5.330 1.239 2.656 0.889 8.128 4.649 5.095 9.364 4.660
-999.000 -999.000 -999.000 -999.000 -999.000 -999.000 0.672 0.805 2.933 4.035 4.442 5.879 9.484 9.593 8.580 5.427 6.340 11.259 8.980 12.460 15.261 12.104 9.092 6.145 6.153 10.199 14.622 13.306 10.302 8.251 7.292 11.495 9.643 12.229 9.491 5.854 3.829 0.891 2.549 1.877 1.104 3.425 3.591 4.128 1.710 0.808 1.580 1.795 6.968 6.411 4.409 1.470 1.493 6.229 4.849 4.375 4.349 5.368 1.809 1.605 4.663 7.782 6.282 2.158 1.303 2.268 3.820 6.829 11.807 5.904 4.112
-999.000 -999.000 -999.000 -999.000 -999.000 -999.000 1.641 1.010 3.001 -999.000 -999.000 7.597 9.340 7.523 6.492 7.035 8.803 6.478 5.605 5.272 7.899 10.572 6.030 2.336 2.375 6.931 12.956 11.726 8.638 5.418 6.491 9.738 12.115 10.331 12.134 10.211 6.702 3.448 1.213 0.722 0.286 3.661 2.510 3.071 0.279 0.958 1.594 2.384 3.166 5.050 2.264 1.393 0.898 5.142 2.643 1.997 0.902 4.206 3.469 0.261 3.105 6.757 8.132 2.464 0.476 0.117 2.442 4.538 9.893 8.158 7.699
-999.000 -999.000 -999.000 -999.000 -999.000 -999.000 1.282 0.519 -999.000 -999.000 -999.000 -999.000 7.793 6.421 7.210 7.702 3.954 4.187 3.679 4.163 8.345 8.571 8.447 3.340 1.284 6.796 12.964 11.165 7.582 4.486 5.406 7.734 9.103 10.713 9.854 10.143 10.289 5.283 0.970 2.382 0.074 0.422 2.728 2.007 2.039 0.332 1.553 0.177 2.850 4.268 2.525 1.461 2.659 5.210 1.712 1.420 4.384 1.302 4.264 0.145 1.430 4.247 7.865 7.180 1.942 2.301 1.689 3.501 5.170 5.021 4.673
-999.000 -999.000 -999.000 -999.000 -999.000 -999.000 -999.000 -999.000 -999.000 -999.000 -999.000 -999.000 5.035 3.412 6.823 7.608 2.580 0.232 1.865 4.486 5.615 7.141 7.944 6.455 2.519 7.285 12.222 10.654 6.773 3.186 3.454 4.102 8.586 7.776 6.272 7.950 8.854 10.034 5.464 2.398 2.284 1.775 3.993 4.418 5.453 0.540 1.524 0.589 5.715 2.969 1.167 0.583 2.417 5.136 1.082 3.610 3.791 0.382 3.556 1.751 1.545 3.808 7.074 5.305 3.156 2.798 4.433 8.882 7.584 3.212 0.211
-999.000 -999.000 -999.000 -999.000 -999.000 -999.000 -999.000 -999.000 -999.000 -999.000 -999.000 -999.000 -999.000 2.694 4.845 4.986 5.573 1.070 0.270 1.520 0.483 1.983 6.839 7.550 7.326 8.488 10.144 10.699 6.733 3.086 3.084 2.922 5.926 4.231 3.897 4.036 5.212 6.142 8.490 7.417 3.370 1.097 0.655 2.972 4.205 1.094 0.726 1.573 1.704 4.638 4.213 0.347 2.889 4.150 0.657 2.410 3.777 0.743 1.067 1.631 0.929 4.315 11.308 9.519 4.872 7.374 5.314 5.244 4.487 2.985 0.254
-999.000 -999.000 -999.000 -999.000 -999.000 -999.000 -999.000 -999.000 -999.000 -999.000 -999.000 -999.000 -999.000 -999.000 0.395 1.668 4.739 3.285 1.879 0.591 2.980 4.746 4.921 4.685 7.656 10.113 9.901 10.757 8.045 6.359 3.061 2.063 3.746 1.951 0.884 1.225 2.810 4.201 3.912 3.808 7.057 4.118 0.178 1.512 7.796 2.292 0.045 0.900 1.128 2.118 1.608 0.596 3.741 3.386 0.101 3.481 5.103 0.431 1.162 0.318 1.127 4.519 10.128 3.260 10.649 6.010 4.561 1.411 5.450 3.962 1.065
-999.000 -999.000 -999.000 -999.000 -999.000 -999.000 -999.000 -999.000 -999.000 -999.000 -999.000 -999.000 -999.000 -999.000 0.205 1.909 1.282 1.064 2.072 1.655 1.803 1.414 2.315 4.876 8.250 13.510 11.262 9.129 9.085 6.313 3.299 1.229 0.992 1.178 1.598 0.645 2.476 0.380 3.693 0.646 4.564 6.494 3.609 1.019 7.169 3.336 5.469 2.940 1.105 0.787 0.432 1.205 3.625 2.089 3.495 5.802 5.320 2.545 4.754 2.047 2.954 5.270 6.575 3.306 6.212 3.352 1.965 0.330 1.198 0.198 0.797
-999.000 -999.000 -999.000 -999.000 -999.000 -999.000 -999.000 -999.000 -999.000 -999.000 -999.000 -999.000 -999.000 -999.000 -999.000 2.784 3.954 2.526 4.230 1.351 3.331 1.053 2.255 4.775 8.701 10.046 6.730 8.370 9.717 8.263 4.450 2.965 0.192 3.235 1.877 0.014 0.897 0.841 1.622 0.571 1.208 5.328 4.766 3.068 3.448 5.975 4.663 2.880 2.321 5.094 0.958 2.289 1.159 3.626 1.054 2.113 5.483 3.817 5.133 5.054 5.657 5.659 3.381 1.057 3.810 0.712 1.957 2.541 3.166 3.585 4.126
-999.000 -999.000 -999.000 -999.000 -999.000 -999.000 -999.000 -999.000 -999.000 -999.000 -999.000 -999.000 -999.000 -999.000 -999.000 -999.000 -999.000 4.031 4.555 3.356 2.086 1.457 1.942 2.278 8.536 10.019 7.829 5.619 8.797 8.853 5.929 1.672 0.103 3.294 2.404 1.520 2.053 0.369 0.097 2.476 0.016 3.069 4.697 0.619 3.477 3.699 4.845 4.955 3.231 6.477 4.839 2.611 3.399 2.113 0.459 2.724 2.695 6.008 5.557 8.583 6.011 4.891 3.379 0.411 0.510 1.280 2.025 1.260 1.309 1.187 1.637
-999.000 -999.000 -999.000 -999.000 -999.000 -999.000 -999.000 -999.000 -999.000 -999.000 -999.000 -999.000 -999.000 -999.000 -999.000 -999.000 -999.000 5.864 6.037 4.391 1.839 3.836 6.166 6.368 9.273 9.187 6.270 5.520 8.946 8.613 7.908 4.909 1.931 0.576 2.336 5.332 5.392 3.717 0.572 1.152 1.509 0.535 4.034 2.470 1.993 6.375 4.962 9.831 6.920 8.885 8.413 7.849 2.815 0.244 0.815 0.110 2.102 8.611 6.918 -999.000 8.315 5.401 2.505 0.581 0.818 3.678 3.870 2.118 1.901 1.514 1.175
-999.000 -999.000 -999.000 -999.000 -999.000 -999.000 -999.000 -999.000 -999.000 -999.000 -999.000 -999.000 -999.000 -999.000 -999.000 -999.000 -999.000 4.342 3.298 2.674 1.130 0.840 4.134 5.474 10.436 8.117 5.125 4.532 7.405 8.529 7.987 6.094 3.223 1.260 0.351 4.146 7.870 7.153 1.781 1.253 6.106 0.371 3.359 2.254 2.770 6.188 12.002 4.547 5.563 5.878 8.514 3.523 3.758 2.536 6.341 3.274 1.700 7.075 -999.000 -999.000 -999.000 4.601 4.173 2.334 2.928 4.295 10.633 6.261 1.880 1.804 1.844
-999.000 -999.000 -999.000 -999.000 -999.000 -999.000 -999.000 -999.000 -999.000 -999.000 -999.000 -999.000 -999.000 -999.000 -999.000 -999.000 -999.000 3.582 2.381 1.329 1.764 2.719 1.212 5.950 8.644 5.851 2.909 2.163 5.165 3.590 6.761 7.511 3.940 1.554 2.984 4.250 7.170 5.647 3.505 2.327 8.869 2.239 2.187 3.384 1.482 3.916 7.004 2.512 2.858 4.901 5.616 3.128 6.431 3.949 6.103 3.503 2.364 5.367 -999.000 -999.000 -999.000 -999.000 -999.000 -999.000 -999.000 -999.000 -999.000 5.702 2.959 3.066 3.310
-999.000 -999.000 -999.000 -999.000 -999.000 -999.000 -999.000 -999.000 -999.000 -999.000 -999.000 -999.000 -999.000 -999.000 -999.000 -999.000 -999.000 -999.000 4.449 5.501 6.198 2.405 1.003 7.450 7.573 5.703 1.155 4.119 2.395 1.839 4.840 7.096 4.133 0.713 3.419 7.138 6.491 4.988 3.779 6.068 5.715 2.609 3.331 2.955 0.213 2.562 1.809 2.091 6.293 4.478 2.212 2.418 5.661 5.518 6.383 -999.000 3.122 3.393 -999.000 -999.000 -999.000 -999.000 -999.000 -999.000 -999.000 -999.000 -999.000 -999.000 3.875 4.644 4.714
-999.000 -999.000 -999.000 -999.000 -999.000 -999.000 -999.000 -999.000 -999.000 -999.000 -999.000 -999.000 -999.000 -999.000 -999.000 -999.000 -999.000 -999.000 9.237 3.078 2.274 0.877 2.897 7.870 6.303 3.223 0.747 3.499 0.284 2.598 4.677 6.645 3.621 1.170 2.171 3.885 6.705 6.498 4.279 8.088 1.658 0.828 1.581 3.246 0.228 0.005 1.821 2.693 4.190 2.226 2.041 4.334 5.740 -999.000 -999.000 -999.000 -999.000 -999.000 -999.000 -999.000 -999.000 -999.000 -999.000 -999.000 -999.000 -999.000 -999.000 -999.000 -999.000 -999.000 6.156
-999.000 -999.000 -999.000 -999.000 -999.000 -999.000 -999.000 -999.000 -999.000 -999.000 -999.000 -999.000 -999.000 -999.000 -999.000 -999.000 -999.000 -999.000 6.461 1.570 1.332 0.832 4.689 7.008 4.967 2.181 0.472 2.993 0.298 0.215 3.329 6.205 5.099 1.144 1.152 1.949 6.608 6.739 11.141 11.647 4.402 1.534 0.282 2.581 1.807 1.229 6.198 3.126 0.848 1.326 3.218 4.273 -999.000 -999.000 -999.000 -999.000 -999.000 -999.000 -999.000 -999.000 -999.000 -999.000 -999.000 -999.000 -999.000 -999.000 -999.000 -999.000 -999.000 -999.000 6.393
-999.000 -999.000 -999.000 -999.000 -999.000 -999.000 -999.000 -999.000 -999.000 -999.000 -999.000 -999.000 -999.000 -999.000 -999.000 -999.000 -999.000 -999.000 -999.000 0.967 1.488 5.063 6.301 6.339 4.142 2.667 0.644 1.503 0.422 1.410 3.003 5.852 3.656 4.452 2.212 1.667 4.380 7.679 9.905 7.419 8.055 4.848 0.891 1.699 2.293 1.422 1.996 0.334 1.081 3.750 -999.000 -999.000 -999.000 -999.000 -999.000 -999.000 -999.000 -999.000 -999.000 -999.000 -999.000 -999.000 -999.000 -999.000 -999.000 -999.000 -999.000 -999.000 -999.000 -999.000 -999.000
-999.000 -999.000 -999.000 -999.000 -999.000 -999.000 -999.000 -999.000 -999.000 -999.000 -999.000 -999.000 -999.000 -999.000 -999.000 -999.000 -999.000 -999.000 -999.000 5.830 1.647 2.000 6.899 5.604 1.395 0.246 1.190 0.925 0.747 1.275 4.986 4.055 0.793 0.473 2.427 0.202 1.044 2.896 7.269 3.715 3.315 1.863 1.086 1.772 1.215 1.179 0.850 1.406 3.426 -999.000 -999.000 -999.000 -999.000 -999.000 -999.000 -999.000 -999.000 -999.000 -999.000 -999.000 -999.000 -999.000 -999.000 -999.000 -999.000 -999.000 -999.000 -999.000 -999.000 -999.000 -999.000
-999.000 -999.000 -999.000 -999.000 -999.000 -999.000 -999.000 -999.000 -999.000 -999.000 -999.000 -999.000 -999.000 -999.000 -999.000 -999.000 -999.000 -999.000 -999.000 -999.000 1.203 2.999 4.845 6.161 3.776 3.400 2.043 0.015 1.473 3.019 4.423 3.136 1.308 0.130 0.661 0.647 0.226 5.730 -999.000 -999.000 4.438 3.155 5.416 1.036 2.149 0.101 2.210 3.614 -999.000 -999.000 -999.000 -999.000 -999.000 -999.000 -999.000 -999.000 -999.000 -999.000 -999.000 -999.000 -999.000 -999.000 -999.000 -999.000 -999.000 -999.000 -999.000 -999.000 -999.000 -999.000 -999.000
-999.000 -999.000 -999.000 -999.000 -999.000 -999.000 -999.000 -999.000 -999.000 -999.000 -999.000 -999.000 -999.000 -999.000 -999.000 -999.000 -999.000 -999.000 -999.000 -999.000 3.513 2.553 4.693 4.203 5.658 1.223 1.105 0.935 0.724 0.589 3.817 3.062 0.372 2.977 1.916 4.711 1.037 -999.000 -999.000 -999.000 -999.000 -999.000 -999.000 -999.000 3.324 0.515 4.004 -999.000 -999.000 -999.000 -999.000 -999.000 -999.000 -999.000 -999.000 -999.000 -999.000 -999.000 -999.000 -999.000 -999.000 -999.000 -999.000 -999.000 -999.000 -999.000 -999.000 -999.000 -999.000 -999.000 -999.000
-999.000 -999.000 -999.000 -999.000 -999.000 -999.000 -999.000 -999.000 -999.000 -999.000 -999.000 -999.000 -999.000 -999.000 -999.000 -999.000 -999.000 -999.000 -999.000 -999.000 -999.000 0.325 3.191 1.286 4.139 1.904 2.428 1.387 0.147 2.814 3.758 3.221 0.713 2.515 7.938 5.831 -999.000 -999.000 -999.000 -999.000 -999.000 -999.000 -999.000 -999.000 -999.000 -999.000 -999.000 -999.000 -999.000 -999.000 -999.000 -999.000 -999.000 -999.000 -999.000 -999.000 -999.000 -999.000 -999.000 -999.000 -999.000 -999.000 -999.000 -999.000 -999.000 -999.000 -999.000 -999.000 -999.000 -999.000 -999.000
-999.000 -999.000 -999.000 -999.000 -999.000 -999.000 -999.000 -999.000 -999.000 -999.000 -999.000 -999.000 -999.000 -999.000 -999.000 -999.000 -999.000 -999.000 -999.000 -999.000 -999.000 -999.000 1.814 2.492 2.282 3.607 0.676 0.033 1.832 2.432 1.931 1.270 2.640 -999.000 -999.000 -999.000 -999.000 -999.000 -999.000 -999.000 -999.000 -999.000 -999.000 -999.000 -999.000 -999.000 -999.000 -999.000 -999.000 -999.000 -999.000 -999.000 -999.000 -999.000 -999.000 -999.000 -999.000 -999.000 -999.000 -999.000 -999.000 -999.000 -999.000 -999.000 -999.000 -999.000 -999.000 -999.000 -999.000 -999.000 -999.000
-999.000 -999.000 -999.000 -999.000 -999.000 -999.000 -999.000 -999.000 -999.000 -999.000 -999.000 -999.000 -999.000 -999.000 -999.000 -999.000 -999.000 -999.000 -999.000 -999.000 -999.000 -999.000 -999.000 1.326 0.693 3.352 0.343 1.778 1.293 2.243 1.118 1.719 -999.000 -999.000 -999.000 -999.000 -999.000 -999.000 -999.000 -999.000 -999.000 -999.000 -999.000 -999.000 -999.000 -999.000 -999.000 -999.000 -999.000 -999.000 -999.000 -999.000 -999.000 -999.000 -999.000 -999.000 -999.000 -999.000 -999.000 -999.000 -999.000 -999.000 -999.000 -999.000 -999.000 -999.000 -999.000 -999.000 -999.000 -999.000 -999.000
-999.000 -999.000 -999.000 -999.000 -999.000 -999.000 -999.000 -999.000 -999.000 -999.000 -999.000 -999.000 -999.000 -999.000 -999.000 -999.000 -999.000 -999.000 -999.000 -999.000 -999.000 -999.000 -999.000 0.049 1.706 0.065 -999.000 -999.000 0.042 1.692 0.540 -999.000 -999.000 -999.000 -999.000 -999.000 -999.000 -999.000 -999.000 -999.000 -999.000 -999.000 -999.000 -999.000 -999.000 -999.000 -999.000 -999.000 -999.000 -999.000 -999.000 -999.000 -999.000 -999.000 -999.000 -999.000 -999.000 -999.000 -999.000 -999.000 -999.000 -999.000 -999.000 -999.000 -999.000 -999.000 -999.000 -999.000 -999.000 -999.000 -999.000
-999.000 -999.000 -999.000 -999.000 -999.000 -999.000 -999.000 -999.000 -999.000 -999.000 -999.000 -999.000 -999.000 -999.000 -999.000 -999.000 -999.000 -999.000 -999.000 -999.000 -999.000 -999.000 -999.000 -999.000 -999.000 -999.000 -999.000 -999.000 -999.000 -999.000 -999.000 -999.000 -999.000 -999.000 -999.000 -999.000 -999.000 -999.000 -999.000 -999.000 -999.000 -999.000 -999.000 -999.000 -999.000 -999.000 -999.000 -999.000 -999.000 -999.000 -999.000 -999.000 -999.000 -999.000 -999.000 -999.000 -999.000 -999.000 -999.000 -999.000 -999.000 -999.000 -999.000 -999.000 -999.000 -999.000 -999.000 -999.000 -999.000 -999.000 -999.000
