tests/2D_interpolations/2009-01-19T12.00_VW_ref.asc
ncols               386
nrows               229
xllcorner    479497.492
yllcorner     73502.967
cellsize       1000.000
NODATA_value -999
[rows 32 to 63 of 229, columns 71 to 141 of 386]
-999.000 -999.000 -999.000 -999.000 -999.000 -999.000 -999.000 -999.000 -999.000 -999.000 -999.000 -999.000 -999.000 -999.000 -999.000 -999.000 -999.000 -999.000 -999.000 -999.000 -999.000 -999.000 -999.000 -999.000 -999.000 -999.000 -999.000 -999.000 -999.000 -999.000 -999.000 -999.000 -999.000 -999.000 -999.000 -999.000 -999.000 -999.000 -999.000 -999.000 -999.000 -999.000 -999.000 -999.000 -999.000 -999.000 -999.000 -999.000 -999.000 -999.000 -999.000 -999.000 -999.000 -999.000 -999.000 -999.000 -999.000 -999.000 -999.000 -999.000 22.060 18.512 18.227 -999.000 17.604 15.679 16.587 15.385 -999.000 -999.000 -999.000
-999.000 -999.000 -999.000 -999.000 -999.000 -999.000 -999.000 -999.000 -999.000 -999.000 -999.000 -999.000 -999.000 -999.000 -999.000 -999.000 -999.000 -999.000 -999.000 -999.000 -999.000 -999.000 -999.000 -999.000 -999.000 -999.000 -999.000 -999.000 -999.000 -999.000 -999.000 -999.000 -999.000 -999.000 -999.000 -999.000 -999.000 -999.000 -999.000 -999.000 -999.000 -999.000 -999.000 -999.000 -999.000 -999.000 -999.000 -999.000 -999.000 -999.000 -999.000 -999.000 -999.000 -999.000 -999.000 -999.000 -999.000 -999.000 -999.000 20.810 18.394 20.024 17.552 16.288 17.995 19.242 16.258 15.587 -999.000 -999.000 -999.000
-999.000 -999.000 -999.000 -999.000 -999.000 -999.000 -999.000 -999.000 -999.000 -999.000 -999.000 -999.000 -999.000 -999.000 -999.000 -999.000 -999.000 -999.000 -999.000 -999.000 -999.000 -999.000 -999.000 -999.000 -999.000 -999.000 -999.000 -999.000 -999.000 -999.000 -999.000 -999.000 -999.000 -999.000 -999.000 -999.000 -999.000 -999.000 -999.000 -999.000 -999.000 -999.000 -999.000 -999.000 -999.000 -999.000 -999.000 -999.000 -999.000 -999.000 -999.000 -999.000 -999.000 -999.000 -999.000 -999.000 -999.000 -999.000 22.244 20.687 20.419 15.368 16.464 15.797 17.341 14.813 -999.000 -999.000 -999.000 -999.000 -999.000
-999.000 -999.000 -999.000 -999.000 -999.000 -999.000 -999.000 -999.000 -999.000 -999.000 -999.000 -999.000 -999.000 -999.000 -999.000 -999.000 -999.000 -999.000 -999.000 -999.000 -999.000 -999.000 -999.000 -999.000 -999.000 -999.000 -999.000 -999.000 -999.000 -999.000 -999.000 -999.000 -999.000 -999.000 -999.000 -999.000 -999.000 -999.000 -999.000 -999.000 -999.000 -999.000 -999.000 -999.000 -999.000 -999.000 -999.000 -999.000 -999.000 -999.000 -999.000 -999.000 -999.000 -999.000 -999.000 -999.000 -999.000 21.607 22.184 21.876 22.158 22.310 14.600 12.556 13.682 14.056 -999.000 -999.000 -999.000 -999.000 -999.000
-999.000 -999.000 -999.000 -999.000 -999.000 -999.000 -999.000 -999.000 -999.000 -999.000 -999.000 -999.000 -999.000 -999.000 -999.000 -999.000 -999.000 -999.000 -999.000 -999.000 -999.000 -999.000 -999.000 -999.000 -999.000 -999.000 -999.000 -999.000 -999.000 -999.000 -999.000 -999.000 -999.000 -999.000 -999.000 -999.000 -999.000 -999.000 -999.000 -999.000 -999.000 -999.000 -999.000 -999.000 -999.000 -999.000 -999.000 -999.000 -999.000 -999.000 -999.000 -999.000 -999.000 -999.000 -999.000 21.217 20.646 21.987 22.162 22.188 22.180 22.065 21.361 18.571 21.999 22.130 21.032 -999.000 -999.000 -999.000 19.096
-999.000 -999.000 -999.000 -999.000 -999.000 -999.000 -999.000 -999.000 -999.000 -999.000 -999.000 -999.000 -999.000 -999.000 -999.000 -999.000 -999.000 -999.000 -999.000 -999.000 -999.000 -999.000 -999.000 -999.000 -999.000 -999.000 -999.000 -999.000 -999.000 -999.000 -999.000 -999.000 -999.000 -999.000 -999.000 -999.000 -999.000 -999.000 -999.000 -999.000 -999.000 -999.000 -999.000 -999.000 -999.000 -999.000 -999.000 -999.000 -999.000 -999.000 -999.000 -999.000 -999.000 -999.000 21.130 20.288 21.319 20.998 21.200 20.030 21.130 21.242 21.157 18.907 21.825 20.360 22.140 21.854 22.109 22.169 18.488
-999.000 -999.000 -999.000 -999.000 -999.000 -999.000 -999.000 -999.000 -999.000 -999.000 -999.000 -999.000 -999.000 -999.000 -999.000 -999.000 -999.000 -999.000 -999.000 -999.000 -999.000 -999.000 -999.000 -999.000 -999.000 -999.000 -999.000 -999.000 -999.000 -999.000 -999.000 -999.000 -999.000 -999.000 -999.000 -999.000 -999.000 -999.000 -999.000 -999.000 -999.000 -999.000 -999.000 -999.000 -999.000 -999.000 -999.000 -999.000 -999.000 -999.000 -999.000 -999.000 -999.000 -999.000 -999.000 -999.000 21.069 20.050 18.391 15.768 20.387 18.336 21.833 21.825 21.699 21.850 21.625 21.732 22.035 22.060 17.664
-999.000 -999.000 -999.000 -999.000 -999.000 -999.000 -999.000 -999.000 -999.000 -999.000 -999.000 -999.000 -999.000 -999.000 -999.000 -999.000 -999.000 -999.000 -999.000 -999.000 -999.000 -999.000 -999.000 -999.000 -999.000 -999.000 -999.000 -999.000 -999.000 -999.000 -999.000 -999.000 -999.000 -999.000 -999.000 -999.000 -999.000 -999.000 -999.000 -999.000 -999.000 -999.000 -999.000 -999.000 -999.000 -999.000 -999.000 -999.000 -999.000 -999.000 -999.000 -999.000 -999.000 -999.000 -999.000 12.253 19.708 15.660 18.831 17.635 18.047 17.886 18.010 20.697 20.315 20.569 20.994 21.314 19.810 21.149 16.955
-999.000 -999.000 -999.000 -999.000 -999.000 -999.000 -999.000 -999.000 -999.000 -999.000 -999.000 -999.000 -999.000 -999.000 -999.000 -999.000 -999.000 -999.000 -999.000 -999.000 -999.000 -999.000 -999.000 -999.000 -999.000 -999.000 -999.000 -999.000 -999.000 -999.000 -999.000 -999.000 -999.000 -999.000 -999.000 -999.000 -999.000 -999.000 -999.000 -999.000 -999.000 -999.000 -999.000 -999.000 -999.000 -999.000 -999.000 -999.000 -999.000 -999.000 -999.000 -999.000 -999.000 -999.000 -999.000 12.486 13.938 15.281 16.673 20.690 17.482 16.114 15.936 18.358 19.921 20.243 19.226 19.111 18.094 19.232 15.951
-999.000 -999.000 -999.000 -999.000 -999.000 -999.000 -999.000 -999.000 -999.000 -999.000 -999.000 -999.000 -999.000 -999.000 -999.000 -999.000 20.807 16.302 14.291 12.977 14.888 -999.000 -999.000 -999.000 -999.000 12.487 11.652 11.526 -999.000 -999.000 -999.000 -999.000 -999.000 -999.000 -999.000 -999.000 -999.000 -999.000 -999.000 -999.000 -999.000 -999.000 -999.000 -999.000 -999.000 -999.000 -999.000 -999.000 -999.000 -999.000 -999.000 -999.000 -999.000 -999.000 -999.000 21.554 16.614 18.137 14.960 13.557 17.982 20.682 15.276 16.288 18.526 17.453 17.547 17.860 19.545 16.626 14.715
-999.000 -999.000 -999.000 -999.000 -999.000 -999.000 -999.000 -999.000 -999.000 -999.000 -999.000 -999.000 -999.000 -999.000 -999.000 20.276 19.804 15.413 12.352 13.558 17.244 20.651 17.974 11.778 11.655 12.350 11.559 11.873 12.036 19.444 -999.000 -999.000 -999.000 -999.000 -999.000 -999.000 -999.000 -999.000 -999.000 -999.000 -999.000 -999.000 -999.000 -999.000 -999.000 -999.000 -999.000 -999.000 -999.000 15.919 12.130 -999.000 -999.000 -999.000 20.130 19.194 20.453 20.507 17.159 13.141 15.674 21.395 16.018 14.068 12.061 14.340 13.852 12.087 16.112 17.920 11.860
-999.000 -999.000 -999.000 -999.000 -999.000 -999.000 -999.000 -999.000 -999.000 -999.000 -999.000 -999.000 -999.000 -999.000 -999.000 19.798 19.810 13.846 11.754 20.693 19.595 19.778 13.098 11.459 11.407 17.204 20.703 12.814 20.160 12.012 14.111 -999.000 -999.000 -999.000 -999.000 -999.000 -999.000 -999.000 -999.000 -999.000 -999.000 -999.000 -999.000 -999.000 -999.000 -999.000 -999.000 -999.000 -999.000 16.255 18.583 16.940 16.545 18.080 19.323 19.460 19.978 16.216 21.103 20.072 21.954 18.519 16.715 17.781 16.256 16.985 16.220 18.257 17.895 19.644 19.702
-999.000 -999.000 -999.000 -999.000 -999.000 -999.000 -999.000 -999.000 -999.000 -999.000 -999.000 -999.000 -999.000 -999.000 -999.000 -999.000 19.730 19.253 20.434 11.946 15.315 20.311 20.120 20.149 16.755 19.833 19.857 12.750 11.476 11.585 -999.000 -999.000 -999.000 -999.000 -999.000 -999.000 -999.000 -999.000 -999.000 -999.000 -999.000 -999.000 -999.000 -999.000 -999.000 -999.000 -999.000 -999.000 -999.000 -999.000 -999.000 16.578 17.119 17.881 19.581 18.900 18.931 19.674 19.747 18.018 21.837 21.488 16.086 14.779 12.727 11.123 16.937 16.893 15.481 14.841 19.886
-999.000 -999.000 -999.000 -999.000 -999.000 -999.000 -999.000 -999.000 -999.000 -999.000 -999.000 -999.000 -999.000 -999.000 -999.000 -999.000 18.046 18.879 19.531 19.803 16.285 19.731 19.825 18.247 14.899 19.927 18.217 20.089 19.706 17.708 -999.000 -999.000 -999.000 -999.000 -999.000 -999.000 -999.000 -999.000 -999.000 -999.000 -999.000 -999.000 -999.000 -999.000 -999.000 -999.000 -999.000 -999.000 -999.000 -999.000 17.192 17.042 17.604 17.014 16.235 16.019 16.609 17.034 18.018 19.768 20.950 18.800 17.361 15.789 17.115 14.944 16.798 14.994 14.501 19.946 19.575
-999.000 -999.000 -999.000 -999.000 -999.000 -999.000 -999.000 -999.000 -999.000 -999.000 -999.000 -999.000 -999.000 -999.000 -999.000 -999.000 -999.000 19.063 19.220 16.482 13.058 11.674 19.223 19.917 17.617 17.909 15.360 11.814 16.401 18.595 -999.000 -999.000 -999.000 -999.000 -999.000 -999.000 -999.000 -999.000 -999.000 -999.000 -999.000 -999.000 -999.000 -999.000 -999.000 -999.000 -999.000 -999.000 -999.000 16.442 16.085 15.789 16.721 16.205 11.477 12.666 13.093 11.891 18.201 17.258 19.128 17.531 16.489 15.631 12.223 12.115 12.310 14.794 20.315 17.195 16.336
-999.000 -999.000 -999.000 -999.000 -999.000 -999.000 -999.000 -999.000 -999.000 -999.000 -999.000 -999.000 -999.000 -999.000 15.094 14.977 14.007 14.117 14.279 17.934 16.991 17.267 16.984 13.810 17.868 19.929 19.219 19.372 18.699 17.490 -999.000 -999.000 -999.000 -999.000 -999.000 -999.000 -999.000 -999.000 -999.000 -999.000 -999.000 -999.000 -999.000 -999.000 -999.000 -999.000 -999.000 -999.000 11.624 16.632 11.824 11.988 12.797 11.941 13.404 13.322 14.949 12.790 13.025 14.233 14.991 15.445 15.391 18.889 13.000 15.084 13.374 15.935 16.169 19.738 18.339
-999.000 -999.000 -999.000 -999.000 -999.000 -999.000 -999.000 -999.000 -999.000 -999.000 -999.000 -999.000 -999.000 11.428 15.558 10.727 15.166 18.541 18.922 16.932 12.257 11.995 14.675 15.951 20.237 11.298 11.937 11.684 13.316 11.554 11.927 11.731 11.378 10.915 -999.000 -999.000 -999.000 -999.000 17.738 18.153 17.875 19.173 19.022 -999.000 -999.000 -999.000 12.469 12.338 11.707 13.268 12.166 13.396 11.841 13.137 13.756 13.407 13.617 12.958 12.024 14.042 19.926 16.427 13.773 10.896 10.729 15.778 17.257 18.473 18.408 12.164 15.688
-999.000 -999.000 -999.000 -999.000 -999.000 -999.000 -999.000 -999.000 -999.000 -999.000 -999.000 -999.000 13.416 11.844 15.433 15.562 16.428 16.716 14.543 18.054 18.814 18.451 13.979 16.371 12.415 12.782 12.224 11.843 11.476 11.690 12.168 12.129 11.339 12.345 14.223 -999.000 -999.000 16.984 17.120 17.093 17.369 18.576 17.496 17.049 17.892 18.018 13.332 12.522 13.314 13.299 12.099 12.895 12.373 13.863 15.883 20.714 20.262 17.445 19.406 18.122 16.345 16.173 16.834 11.325 10.810 18.793 17.926 17.337 17.514 18.455 18.025
-999.000 -999.000 -999.000 -999.000 -999.000 -999.000 -999.000 -999.000 -999.000 -999.000 -999.000 -999.000 13.654 12.720 17.993 15.172 12.257 12.950 12.971 12.039 12.222 15.951 12.452 12.146 11.891 15.864 17.974 19.567 18.956 16.537 15.656 14.384 14.033 15.434 14.526 14.691 16.603 16.140 17.420 17.345 17.054 16.865 16.276 16.769 17.123 17.979 18.942 16.935 18.750 18.187 18.029 18.770 16.582 15.930 11.904 16.107 16.153 13.771 12.302 14.119 11.908 10.550 17.384 16.501 15.652 16.409 12.479 14.240 14.103 17.227 17.970
-999.000 -999.000 -999.000 -999.000 -999.000 -999.000 -999.000 -999.000 -999.000 -999.000 -999.000 -999.000 18.431 10.824 11.236 11.307 13.219 13.794 16.640 13.229 12.342 20.025 20.104 18.661 19.656 19.652 17.273 18.222 18.792 18.749 16.837 16.115 15.721 18.152 13.201 16.734 16.801 15.937 15.498 17.560 10.317 13.906 11.202 12.705 12.356 19.213 17.805 17.990 18.838 16.792 17.055 18.429 17.418 12.775 19.158 16.041 18.119 15.898 19.152 13.496 11.879 12.427 13.048 16.334 12.982 16.043 17.240 15.685 16.756 16.190 15.453
-999.000 -999.000 -999.000 -999.000 -999.000 -999.000 -999.000 -999.000 -999.000 -999.000 18.624 14.497 13.346 15.812 12.047 13.046 12.627 11.308 15.537 20.026 19.464 19.630 19.139 18.577 20.162 18.940 18.730 17.482 18.166 17.102 16.920 16.599 14.274 16.463 12.447 10.065 9.849 11.830 15.540 15.965 11.470 11.390 13.499 14.065 13.102 11.727 11.514 13.806 13.209 12.982 12.500 13.619 19.785 18.786 20.168 18.783 19.589 13.903 13.532 17.835 16.250 11.444 12.537 14.372 14.508 14.179 14.973 14.913 12.991 14.337 16.788
-999.000 -999.000 -999.000 -999.000 -999.000 -999.000 -999.000 -999.000 -999.000 17.746 16.692 12.234 11.543 12.102 12.272 15.319 19.856 17.433 18.903 19.427 19.575 18.741 18.376 19.602 18.748 18.753 16.678 15.935 16.559 14.589 16.432 16.353 13.829 15.154 15.815 15.980 16.528 11.164 12.502 12.346 16.910 17.827 17.859 16.714 11.991 12.296 12.070 13.915 18.572 17.272 16.971 17.485 15.483 18.375 18.456 19.469 20.005 17.805 16.643 15.867 17.199 10.416 11.884 10.665 15.437 11.238 14.556 16.571 14.995 14.184 11.189
-999.000 -999.000 -999.000 -999.000 -999.000 -999.000 -999.000 -999.000 -999.000 17.441 18.581 18.327 18.147 18.654 18.146 18.353 17.839 18.285 18.621 18.079 17.534 17.736 18.611 17.740 16.870 16.180 16.571 12.804 17.152 15.535 11.309 13.865 13.639 14.276 14.478 16.633 16.345 16.828 16.134 15.396 16.258 16.252 13.685 12.612 17.791 17.654 17.686 17.353 15.837 16.152 15.353 16.373 14.129 11.564 16.969 16.687 18.799 16.775 15.865 14.944 17.790 16.601 15.329 14.914 14.369 14.275 15.371 16.007 15.115 15.718 15.980
-999.000 -999.000 -999.000 -999.000 -999.000 -999.000 -999.000 -999.000 18.428 11.579 11.145 18.167 16.539 16.723 16.558 16.263 15.274 -999.000 15.514 15.292 15.449 15.783 15.874 15.582 16.179 15.641 15.825 11.438 12.000 12.293 10.676 12.800 12.536 12.083 11.975 10.481 12.357 11.527 12.276 13.478 13.564 13.582 15.400 13.001 12.606 12.302 13.813 17.356 15.453 15.284 14.458 16.676 16.186 15.713 15.106 14.883 15.720 15.540 15.697 16.479 15.409 15.328 16.163 11.134 9.966 9.747 13.522 12.461 13.123 13.447 13.700
-999.000 -999.000 -999.000 -999.000 -999.000 -999.000 -999.000 -999.000 18.072 18.579 16.601 16.203 15.098 15.248 15.479 -999.000 -999.000 -999.000 -999.000 -999.000 11.888 12.544 11.038 12.236 13.010 12.713 12.758 13.204 11.958 15.523 15.305 15.696 13.897 13.079 12.168 12.709 13.096 12.070 13.299 13.244 12.069 13.205 13.139 11.917 12.055 12.389 12.634 13.007 12.265 12.407 13.621 11.628 12.277 12.332 12.045 14.910 16.598 13.050 12.425 11.743 10.354 11.957 13.205 11.684 10.591 12.701 13.462 10.726 11.226 10.996 10.203
-999.000 -999.000 -999.000 -999.000 -999.000 -999.000 -999.000 -999.000 -999.000 -999.000 -999.000 -999.000 -999.000 -999.000 -999.000 -999.000 -999.000 -999.000 -999.000 -999.000 13.244 13.082 13.020 12.981 16.031 17.980 19.006 17.991 17.417 13.292 12.426 13.102 13.478 14.227 11.077 11.056 15.365 13.020 14.789 18.227 12.292 14.881 20.896 19.999 17.578 13.481 13.252 12.283 12.058 11.661 13.608 12.004 11.360 11.811 12.776 14.510 15.080 14.517 16.922 15.306 17.235 10.846 11.569 14.165 15.295 10.572 11.892 12.040 12.242 11.605 11.658
-999.000 -999.000 -999.000 -999.000 -999.000 -999.000 -999.000 -999.000 -999.000 -999.000 -999.000 -999.000 -999.000 -999.000 -999.000 -999.000 -999.000 -999.000 -999.000 -999.000 -999.000 12.106 18.124 15.574 14.984 15.962 17.320 12.652 14.487 15.064 10.847 13.954 11.731 11.572 16.953 11.370 11.973 19.252 19.144 17.631 16.823 18.984 20.278 20.541 16.760 16.782 12.933 11.204 11.872 11.698 12.183 11.049 10.855 12.666 14.956 14.395 14.085 14.002 14.048 14.082 14.239 14.876 15.230 10.778 11.734 11.809 11.671 11.744 12.019 11.829 11.831
-999.000 -999.000 -999.000 -999.000 -999.000 -999.000 -999.000 -999.000 -999.000 -999.000 -999.000 -999.000 -999.000 -999.000 -999.000 -999.000 -999.000 -999.000 -999.000 -999.000 -999.000 14.857 14.708 14.152 12.902 12.954 11.503 17.240 15.242 16.171 14.271 14.013 11.246 11.606 13.158 11.902 11.612 11.895 13.090 14.914 19.528 17.739 19.503 19.126 17.609 18.957 17.665 18.300 19.135 16.453 17.307 17.328 17.315 17.965 13.229 11.387 10.199 10.713 12.042 13.682 12.892 11.201 15.292 13.857 13.862 14.675 15.576 15.747 15.829 14.952 14.406
-999.000 -999.000 -999.000 -999.000 -999.000 -999.000 -999.000 -999.000 -999.000 -999.000 -999.000 -999.000 -999.000 -999.000 -999.000 -999.000 -999.000 -999.000 -999.000 10.630 11.197 16.617 10.877 11.707 13.473 13.625 13.961 15.915 14.594 12.854 15.003 18.655 19.282 18.876 18.777 19.052 17.777 19.151 19.188 19.253 17.815 18.667 18.021 18.846 16.571 16.937 16.135 16.600 16.142 16.788 11.428 11.598 12.625 17.135 14.300 14.809 13.548 13.931 11.790 14.254 13.774 13.203 13.526 14.048 12.305 16.619 14.602 11.411 14.617 12.820 11.032
-999.000 -999.000 -999.000 -999.000 -999.000 -999.000 -999.000 -999.000 -999.000 -999.000 -999.000 -999.000 -999.000 -999.000 -999.000 -999.000 -999.000 -999.000 12.065 11.211 12.571 12.159 13.220 13.084 11.819 15.173 13.940 16.100 13.467 16.713 15.506 15.477 16.241 15.824 15.747 15.648 16.190 16.476 16.397 16.923 16.093 16.022 15.101 15.460 15.085 12.276 10.790 10.097 9.767 14.195 17.348 17.372 14.513 15.501 13.098 13.419 12.789 13.034 11.792 13.034 12.322 10.814 12.277 12.717 13.130 12.928 12.839 12.233 13.494 11.979 11.553
-999.000 -999.000 -999.000 -999.000 -999.000 -999.000 -999.000 -999.000 -999.000 -999.000 -999.000 -999.000 -999.000 -999.000 -999.000 -999.000 -999.000 13.207 12.046 12.804 13.263 14.228 15.457 14.635 14.016 14.437 11.470 11.952 16.014 14.425 15.070 14.241 13.964 15.549 15.140 17.534 15.544 14.495 13.943 14.125 13.711 14.291 14.469 14.637 15.514 11.446 14.722 12.935 12.147 12.163 13.136 13.891 15.642 11.737 12.098 10.082 10.707 9.966 9.116 10.838 12.095 12.640 12.498 12.937 13.155 12.075 12.661 12.797 13.201 16.472 15.019
-999.000 -999.000 -999.000 -999.000 -999.000 -999.000 -999.000 -999.000 -999.000 -999.000 -999.000 -999.000 -999.000 -999.000 -999.000 -999.000 16.157 14.098 17.953 16.692 15.899 13.885 14.285 14.056 14.459 11.550 9.885 15.438 11.028 11.398 12.470 13.028 12.043 13.637 13.418 11.739 12.221 12.611 12.271 11.312 10.630 11.617 14.519 12.098 13.219 14.514 13.000 12.292 12.135 12.445 13.503 13.139 12.541 14.026 10.885 12.232 13.918 12.060 12.084 12.678 13.871 13.340 12.926 12.838 19.658 17.849 17.333 17.268 18.613 14.074 10.970
