tests/2D_interpolations/2009-01-19T12.00_TA_ref.asc
ncols               386
nrows               229
xllcorner    479497.492
yllcorner     73502.967
cellsize       1000.000
NODATA_value -999
[rows 116 to 144 of 229, columns 66 to 131 of 386]
289.242 289.246 289.250 289.254 289.258 289.216 287.536 287.762 288.168 288.314 288.855 288.920 289.021 289.093 289.106 289.117 289.111 288.934 288.840 288.706 288.097 287.743 287.846 287.250 287.160 286.977 287.007 287.053 287.799 287.859 287.450 287.381 288.013 287.678 287.305 286.966 287.188 287.077 287.188 286.471 287.351 286.658 286.247 286.629 286.120 287.192 286.220 285.780 285.981 286.255 285.891 286.664 285.306 283.816 283.891 284.448 284.041 285.072 286.706 288.120 288.525 288.487 287.883 287.927 288.626 288.624
289.243 289.247 289.251 289.256 289.115 287.252 287.356 287.853 287.340 288.465 288.741 288.839 288.846 288.438 289.004 289.101 288.783 288.837 288.429 288.444 288.117 287.793 287.266 287.253 286.995 286.720 286.527 287.504 287.387 287.347 287.523 287.490 287.151 288.385 287.130 286.794 287.139 287.225 287.030 287.227 287.149 285.831 284.961 286.150 286.580 287.191 285.829 285.763 285.453 285.812 285.821 286.449 285.102 285.880 286.010 286.007 285.770 285.444 286.218 287.832 288.494 288.489 287.745 287.949 288.528 288.537
289.213 289.246 289.253 289.047 288.129 287.187 287.291 287.655 288.122 287.961 287.733 288.373 288.430 288.668 288.925 289.082 288.706 288.478 287.109 287.715 288.049 287.704 287.232 286.993 286.891 286.842 287.131 287.452 287.282 287.044 286.884 286.933 287.242 288.226 287.042 287.010 287.452 287.135 286.195 285.885 286.504 285.821 285.387 285.852 285.550 285.687 285.353 285.703 285.082 285.635 286.089 286.358 286.293 286.009 285.500 284.783 285.800 286.234 286.189 287.264 288.441 288.442 287.681 288.168 288.589 288.548
289.147 289.161 288.830 287.119 286.822 287.279 287.133 287.443 287.568 287.489 287.116 287.873 288.184 288.778 288.941 288.903 288.517 287.497 287.184 287.225 287.528 287.533 287.554 287.492 287.456 287.096 287.418 287.055 286.972 286.669 286.630 287.070 287.420 288.037 287.101 286.832 286.828 286.919 286.773 286.488 286.125 285.636 285.707 285.845 286.734 284.803 285.508 285.508 284.674 285.408 285.685 285.632 285.950 284.954 283.815 284.208 284.346 285.794 286.024 286.856 288.354 288.402 287.452 288.393 288.290 288.524
289.121 288.977 287.553 286.955 286.916 286.880 286.690 287.967 287.094 286.710 287.205 287.982 288.605 288.877 289.033 288.754 288.570 287.894 287.411 287.337 287.686 287.165 287.437 287.455 287.424 287.024 286.893 287.123 287.445 287.628 287.032 287.280 288.157 288.072 286.395 286.376 286.940 286.529 286.594 286.692 286.251 286.212 285.910 285.353 285.790 284.691 284.769 284.133 284.431 284.537 285.454 285.553 286.104 285.140 284.232 283.932 284.425 285.106 285.210 285.901 288.282 288.331 288.143 288.131 288.451 288.560
288.042 287.980 288.069 286.879 286.727 286.583 287.079 287.553 286.754 286.590 287.170 288.247 288.695 288.822 289.011 288.579 287.585 287.171 286.916 287.250 287.072 286.880 286.634 286.346 286.683 286.873 286.873 287.385 287.830 287.471 287.753 287.410 287.417 287.001 286.490 286.214 286.835 286.688 286.141 285.737 285.950 286.162 285.302 284.959 284.251 284.130 283.739 283.418 282.617 283.859 285.058 285.496 285.859 284.958 285.400 285.460 285.306 284.807 284.360 286.437 288.177 287.806 287.374 287.797 288.517 288.523
287.893 287.278 287.118 286.857 286.357 286.868 287.247 286.856 286.485 287.231 287.907 288.180 288.843 288.957 288.815 287.725 286.929 286.339 286.900 286.945 286.948 286.340 285.999 286.323 286.499 286.565 286.851 287.345 287.201 287.250 287.977 287.601 287.265 287.559 286.716 286.506 286.255 286.138 285.497 284.816 284.911 285.140 285.670 285.796 283.931 283.793 281.886 281.781 283.578 284.636 284.382 284.999 285.010 284.998 284.213 283.804 283.362 284.313 285.676 287.730 288.028 287.156 287.712 287.711 288.244 288.474
287.446 287.402 286.291 286.702 286.360 287.076 286.966 286.741 286.729 287.881 288.083 287.956 288.861 288.924 287.643 287.302 286.639 286.530 286.662 286.754 286.732 286.327 286.381 286.407 286.199 287.007 287.293 287.045 286.979 287.898 287.008 286.974 286.641 286.531 286.544 287.122 286.478 285.702 285.272 285.375 284.855 284.892 285.030 285.749 285.269 283.319 283.813 283.617 282.689 282.842 283.224 282.751 283.857 283.296 283.518 282.204 282.613 283.758 286.055 287.702 287.896 287.190 287.374 287.657 287.815 288.401
287.359 287.075 286.464 286.704 286.715 286.739 287.033 287.236 287.970 287.463 287.621 288.865 288.908 288.030 287.789 286.939 286.391 286.656 286.663 286.490 286.350 286.351 286.509 286.433 286.889 287.306 286.585 286.821 287.835 287.280 286.794 286.287 286.275 286.299 285.850 286.576 286.525 286.274 285.180 284.861 284.311 283.695 284.732 285.320 285.523 284.974 284.806 283.687 282.036 281.262 281.150 280.832 282.586 281.512 281.868 280.921 280.723 283.144 284.834 287.278 287.579 287.404 287.414 287.605 287.845 288.348
286.851 286.429 286.101 286.314 286.608 286.505 286.647 287.439 286.703 287.018 287.454 288.855 288.145 287.562 286.916 286.573 286.152 286.218 286.274 286.277 286.574 286.402 286.321 286.413 286.716 286.671 286.478 286.673 286.838 287.728 286.104 285.744 286.079 286.137 286.201 286.365 285.824 285.555 286.153 284.743 283.985 283.957 285.140 285.347 285.326 284.396 283.261 281.801 280.269 278.480 277.933 280.270 279.493 278.772 280.571 280.219 279.481 282.475 285.095 286.606 287.358 286.915 287.116 287.635 287.751 288.325
287.034 285.988 285.782 286.129 285.745 286.727 286.745 286.751 286.972 287.111 288.795 288.679 287.755 286.807 286.375 285.783 285.887 285.599 286.302 286.886 286.917 286.898 286.980 287.227 287.468 286.737 286.583 286.723 286.709 286.985 286.350 285.972 285.400 285.940 285.528 285.433 285.178 285.175 285.182 285.687 284.807 285.001 284.927 285.612 284.468 282.680 280.833 278.740 278.395 279.415 279.606 278.699 277.116 277.845 277.696 278.436 279.586 283.012 283.349 285.488 287.069 286.982 286.752 287.333 287.645 287.887
286.398 285.821 285.565 285.414 285.824 286.593 285.894 286.812 287.187 287.636 288.749 288.266 287.044 286.293 285.974 285.650 285.487 286.195 286.806 286.619 287.119 286.866 286.927 286.932 287.050 286.901 286.882 286.769 286.688 287.587 286.107 286.005 285.609 285.202 284.914 284.065 284.717 284.022 283.823 285.015 284.341 283.449 284.099 285.053 284.072 281.691 280.847 281.541 280.305 280.798 281.268 279.328 279.630 279.486 278.253 279.317 281.072 280.412 280.780 283.778 285.899 286.779 287.263 287.093 287.541 287.580
286.213 286.135 285.647 285.551 286.452 285.647 286.517 287.529 287.445 288.736 287.818 287.248 286.705 285.733 285.886 286.028 286.093 286.657 286.800 286.924 286.618 286.200 286.317 286.088 286.216 286.174 286.198 286.241 286.489 286.928 285.069 284.063 284.018 284.773 283.932 283.284 282.378 281.126 281.956 284.609 282.308 281.469 281.155 282.995 285.133 284.848 283.712 283.521 282.183 282.250 282.778 282.247 280.333 279.700 278.829 277.263 279.044 279.268 279.673 280.883 282.751 284.825 286.845 287.212 287.183 287.203
286.503 286.308 285.790 285.676 285.594 286.146 287.209 287.360 288.585 288.598 287.197 286.423 286.386 285.754 286.383 286.428 286.698 286.654 286.546 286.618 285.953 285.935 285.839 285.901 285.351 285.810 285.930 286.339 286.921 285.740 284.848 284.893 285.791 284.246 282.420 281.129 280.192 282.065 283.800 283.165 280.903 278.307 279.131 281.167 284.732 281.735 281.545 282.958 282.066 281.032 279.869 280.771 277.882 277.694 276.698 276.194 275.927 276.527 275.067 275.108 279.173 279.051 282.274 284.996 287.198 287.765
286.032 285.718 285.364 285.599 285.673 286.351 286.935 287.272 288.656 288.233 286.765 286.146 285.742 286.248 286.550 286.604 286.305 285.931 286.342 285.811 285.191 285.034 285.101 284.035 284.037 284.444 284.928 286.055 286.923 286.146 285.609 286.319 285.151 283.502 281.450 278.328 280.605 282.850 281.825 282.738 280.021 277.471 279.321 282.817 283.801 280.525 279.805 282.868 279.744 279.609 279.880 279.364 273.936 274.295 274.159 274.780 277.439 277.353 277.681 278.192 277.757 275.199 278.643 281.092 282.094 286.158
286.041 285.117 285.283 285.863 286.351 286.790 287.014 288.416 288.107 287.155 286.677 285.606 286.081 286.399 286.399 285.990 285.504 285.594 285.844 285.519 284.622 283.672 284.014 283.575 282.087 283.691 284.515 285.457 286.487 286.835 286.472 285.819 284.342 282.353 279.433 278.420 281.165 282.619 279.704 280.279 280.800 279.146 280.980 283.611 281.428 279.268 279.326 282.638 280.215 278.427 280.156 276.378 273.885 276.797 278.830 278.082 277.773 279.035 281.443 277.155 276.844 276.066 276.194 273.971 275.404 278.225
285.858 285.184 285.059 285.821 285.820 287.269 287.987 288.548 286.863 286.456 286.387 285.670 285.798 286.422 286.648 285.825 285.252 286.274 285.355 284.543 283.850 283.130 282.716 282.491 283.026 284.825 286.002 286.739 286.926 286.858 284.914 284.133 283.301 281.256 278.280 279.203 278.758 281.113 280.318 279.908 278.524 279.459 280.411 283.487 281.301 279.420 280.108 280.024 280.509 276.348 278.911 277.616 275.188 274.702 275.172 281.439 279.659 281.422 281.033 276.901 275.373 276.847 280.102 276.699 279.815 279.056
286.006 285.707 285.509 285.432 286.961 288.295 288.518 286.813 286.052 285.694 285.863 285.355 285.669 286.418 286.574 285.671 285.861 285.947 285.183 284.767 284.158 283.644 283.368 284.112 284.746 285.549 286.459 286.914 286.928 286.499 284.578 283.368 281.754 279.572 278.296 277.378 277.868 279.514 279.825 278.589 279.337 280.352 283.048 282.795 280.142 277.019 279.440 280.023 279.749 274.362 275.064 275.318 275.079 277.983 280.236 282.015 284.023 280.894 280.483 280.395 281.394 280.932 283.001 282.260 283.537 282.578
285.880 286.170 286.219 287.661 287.711 288.124 286.639 286.378 285.473 286.066 285.270 285.767 286.383 286.536 286.200 285.906 286.059 285.131 284.148 284.101 283.816 283.482 283.870 284.583 285.444 285.963 286.588 286.594 286.929 285.967 284.153 282.073 279.399 280.278 279.980 279.756 280.412 280.131 279.897 278.561 280.138 282.915 283.346 280.753 278.950 277.821 279.016 278.740 277.954 276.070 276.980 276.148 280.479 281.521 283.556 284.677 284.643 284.303 284.720 284.628 285.463 285.179 285.846 286.464 286.364 287.506
286.024 286.006 286.780 286.728 288.090 286.804 287.080 285.740 286.198 285.171 285.569 285.636 286.152 285.985 285.680 285.679 285.685 285.059 284.482 284.052 284.120 284.163 284.082 284.337 284.936 286.118 286.565 285.835 286.489 285.685 283.287 281.226 281.027 282.154 281.623 282.787 282.923 281.882 280.933 279.553 280.376 279.506 282.290 278.690 277.384 273.479 272.811 273.640 276.690 274.832 280.529 282.571 283.843 285.212 285.909 285.420 285.581 285.996 286.063 286.553 286.831 286.295 286.317 285.439 285.759 286.741
285.464 285.932 286.842 287.929 287.789 287.305 287.251 286.703 285.643 285.379 285.344 286.193 285.328 285.033 285.172 285.348 285.520 285.607 285.300 284.939 284.307 283.570 283.591 284.030 285.242 286.369 286.427 286.358 286.930 286.131 283.095 280.869 282.302 284.024 283.935 284.190 282.139 282.254 279.103 277.084 276.614 279.794 277.180 278.623 275.207 275.765 277.111 275.036 277.273 279.068 278.672 282.080 285.327 284.890 283.958 281.886 283.850 283.651 282.788 281.716 282.174 283.261 283.351 283.864 286.790 284.569
285.149 286.024 286.751 286.755 287.297 286.655 287.494 286.939 286.276 285.386 285.201 285.599 285.366 284.729 284.412 285.035 285.412 285.405 285.452 285.238 284.708 283.912 283.945 285.359 286.262 286.298 286.226 286.621 286.931 286.013 282.821 279.859 282.715 284.546 284.032 280.481 280.113 280.551 280.517 275.287 277.936 277.117 278.029 276.965 272.832 272.176 274.218 279.673 276.198 279.902 282.795 284.564 285.569 283.338 282.181 281.557 279.158 281.733 277.824 277.826 277.716 280.938 280.623 282.946 285.162 282.334
284.865 285.695 286.650 286.022 287.090 285.886 287.353 286.498 286.637 286.072 285.247 285.281 284.915 284.375 284.361 284.923 285.077 285.337 285.174 285.268 285.226 285.299 285.779 285.864 285.903 286.197 285.938 286.148 286.931 286.033 281.626 280.830 284.727 284.815 283.722 281.177 278.924 279.344 277.859 276.786 275.491 275.125 279.239 276.704 278.505 275.220 278.885 281.847 280.825 283.318 285.716 285.171 281.906 280.821 280.584 278.407 276.302 276.305 273.361 274.977 277.254 278.473 282.272 284.467 283.874 280.846
284.838 285.785 286.284 285.981 286.890 285.858 287.865 287.158 286.753 285.285 285.162 284.871 284.420 284.460 284.622 284.419 285.092 284.965 285.329 285.278 285.496 285.638 285.593 285.604 285.838 286.084 286.070 286.230 286.931 286.357 283.200 284.908 285.717 284.936 284.589 281.034 278.930 280.472 276.886 275.137 277.309 278.923 280.503 282.143 279.597 277.799 277.293 280.655 282.627 284.992 284.081 281.382 279.348 278.404 279.099 277.382 276.400 276.955 278.614 278.076 278.818 281.088 284.128 284.440 282.156 279.024
285.086 285.765 286.508 286.447 286.539 286.145 287.732 287.051 286.435 285.368 285.428 284.863 285.100 284.414 284.637 284.630 284.964 285.203 284.898 284.832 284.775 284.904 285.001 285.527 285.746 286.100 286.346 286.372 286.661 286.021 285.674 285.046 283.966 283.534 283.508 284.980 283.371 280.291 277.615 279.907 281.946 283.968 283.594 283.253 281.281 275.126 277.100 280.286 283.134 284.735 283.318 281.336 279.761 276.833 275.681 275.260 278.656 281.208 281.572 281.146 283.308 283.707 281.937 282.809 280.407 277.988
285.116 285.902 286.413 286.108 286.338 286.380 287.631 287.073 286.014 285.669 285.443 285.031 284.490 284.729 284.675 285.184 285.122 284.943 283.810 283.133 283.400 284.046 284.317 284.811 285.786 286.275 286.509 286.636 286.847 285.993 284.308 282.459 282.127 280.738 280.514 282.229 284.749 284.057 284.376 284.522 282.487 280.079 280.035 280.690 282.696 277.276 278.346 278.830 282.465 285.108 283.496 279.038 276.713 275.223 275.585 277.935 278.832 277.267 277.890 283.384 279.268 280.514 279.408 282.281 279.609 275.875
284.859 285.754 286.138 286.356 286.086 286.652 287.643 286.947 285.947 285.913 285.290 284.807 284.613 285.409 284.871 285.191 285.046 284.013 282.116 281.180 281.700 283.018 282.702 283.312 285.067 286.235 286.465 286.663 286.792 282.556 278.955 278.688 281.658 282.735 278.752 280.984 282.846 280.732 282.167 282.053 276.996 279.715 276.634 277.832 282.580 281.643 278.726 279.377 281.748 285.001 282.347 279.987 275.043 273.994 277.198 276.384 275.730 275.523 280.355 281.338 276.135 279.368 278.613 281.540 276.605 275.121
284.751 285.699 285.608 286.230 285.836 286.538 287.561 286.911 286.447 285.911 284.944 285.241 285.734 285.173 285.369 285.161 284.424 281.962 280.604 280.920 282.875 283.282 280.687 281.749 283.824 285.352 286.175 286.283 285.964 281.691 279.123 277.875 280.527 283.169 280.100 282.495 279.353 278.299 278.372 279.749 277.748 277.895 277.608 280.545 280.440 279.099 277.573 280.634 281.838 282.579 284.642 280.144 275.115 275.456 275.464 276.257 278.888 278.846 282.644 278.654 275.679 271.940 279.039 281.268 274.035 272.686
285.275 285.285 285.460 285.922 286.205 286.604 287.554 287.262 286.441 285.639 285.678 285.974 285.027 285.204 285.303 284.821 283.656 281.625 280.123 281.888 283.003 282.107 280.147 282.207 284.404 284.515 285.053 286.585 285.590 283.178 280.058 276.363 281.219 280.093 277.325 281.042 279.564 272.677 272.976 278.021 278.603 273.720 277.843 281.441 278.574 276.978 277.983 280.856 281.745 282.924 283.854 278.940 279.649 277.788 274.315 276.117 277.149 280.754 282.175 279.586 275.287 275.110 274.696 279.357 275.479 271.944
