tests/2D_interpolations/2009-01-19T12.00_VW_ref.asc
ncols               386
nrows               229
xllcorner    479497.492
yllcorner     73502.967
cellsize       1000.000
NODATA_value -999
[rows 96 to 127 of 229, columns 71 to 141 of 386]
9.491 8.463 10.762 12.137 12.846 12.122 13.262 12.948 11.336 11.580 12.216 13.399 13.831 14.416 14.508 11.826 11.578 14.141 13.978 11.627 11.892 11.548 11.972 11.951 11.827 12.380 14.350 13.297 11.640 13.996 14.108 17.603 13.947 17.847 20.308 13.662 15.655 14.613 16.133 14.378 11.130 12.623 12.132 11.738 12.163 11.432 11.568 13.303 13.776 12.988 14.731 19.219 17.693 17.054 17.176 17.932 17.517 17.891 18.411 14.619 16.201 16.973 13.881 17.061 16.533 18.075 17.853 15.548 11.401 15.712 12.470
8.765 10.131 10.921 12.051 12.571 11.582 11.665 11.939 12.593 12.986 12.918 13.575 14.731 14.679 14.582 11.833 11.820 14.239 11.778 13.448 11.584 11.512 11.713 11.876 11.639 12.775 14.022 14.056 12.413 11.501 16.715 16.682 15.033 18.521 18.543 15.919 13.252 11.244 11.052 11.232 11.241 11.860 12.686 14.367 13.382 11.039 12.850 13.244 12.509 14.549 15.189 11.562 15.284 14.693 15.901 15.916 15.884 17.933 17.772 15.868 16.365 14.361 15.365 16.703 15.402 18.039 16.871 18.019 17.909 18.319 11.893
10.695 11.460 12.151 12.697 12.456 12.552 13.052 13.034 12.906 13.478 14.501 14.661 14.588 20.929 20.931 20.934 20.937 20.940 16.095 13.382 13.348 11.606 11.688 11.549 11.702 11.563 11.678 12.577 13.723 16.736 17.468 15.172 16.514 19.673 12.209 16.913 11.849 11.325 11.506 11.358 12.034 13.349 12.463 10.877 13.634 12.876 12.956 15.371 15.505 14.848 12.024 11.229 12.089 11.657 12.374 13.716 15.873 16.342 17.112 12.503 15.577 16.009 16.789 14.871 17.406 15.335 17.020 16.818 17.655 18.175 17.683
10.618 12.440 12.845 12.878 13.402 13.133 13.129 13.129 13.695 14.646 14.604 20.927 20.930 20.933 20.936 20.939 20.942 20.945 18.131 15.641 20.631 19.923 17.805 19.624 20.851 11.950 14.144 13.613 16.309 17.994 16.708 14.417 13.821 11.992 19.598 12.114 14.827 12.371 11.746 11.632 11.094 11.661 11.986 12.034 11.967 12.686 12.567 11.283 11.931 17.100 11.270 13.860 11.578 11.445 11.260 11.294 10.138 14.528 11.175 12.128 15.685 14.091 13.089 17.033 16.916 17.232 15.737 16.896 17.516 16.571 16.857
12.655 13.953 13.436 13.618 13.736 15.158 14.969 14.935 14.567 20.924 20.927 20.930 20.934 20.937 20.940 20.944 20.947 18.131 17.276 18.413 17.995 18.202 19.836 19.908 20.381 21.232 14.460 14.455 17.732 17.540 15.914 14.218 12.354 11.752 20.074 11.439 18.296 17.723 11.273 13.074 12.083 14.290 11.826 11.576 12.363 11.475 11.335 11.792 17.998 17.934 19.876 17.664 13.379 11.861 11.384 11.584 11.153 13.305 11.046 12.340 10.678 9.367 13.337 17.423 11.638 16.084 15.131 16.398 11.949 15.196 15.661
14.480 15.953 14.716 14.645 15.152 18.119 15.883 14.567 20.923 20.927 20.930 20.934 20.937 20.941 20.945 18.135 18.091 18.278 19.292 19.956 19.730 19.919 19.461 19.758 14.193 13.685 13.746 16.994 17.751 17.850 18.529 19.265 16.748 14.029 15.506 17.294 18.210 18.504 18.800 18.855 19.651 19.597 19.937 19.628 20.202 20.032 19.977 16.729 19.392 16.840 17.258 13.930 19.518 16.222 14.273 10.930 12.066 11.656 11.455 11.448 10.546 10.396 14.632 17.653 12.364 16.084 16.384 16.997 17.164 15.112 15.538
14.528 15.113 16.717 14.982 17.771 16.488 14.573 14.578 20.926 20.930 20.934 20.937 20.941 20.946 18.129 18.064 18.294 18.936 19.366 20.470 11.312 11.955 12.282 14.681 14.789 11.718 17.059 17.825 17.183 19.432 20.146 20.606 18.104 19.419 16.610 15.463 16.894 17.832 18.526 17.632 18.949 19.593 18.561 18.923 19.798 18.072 17.944 14.467 13.281 12.285 11.194 11.115 18.947 15.128 15.853 15.632 16.665 17.489 11.339 12.134 10.951 11.152 15.120 11.739 12.657 16.349 15.466 16.204 15.827 15.601 15.960
13.480 14.913 16.517 13.418 17.537 14.628 14.583 20.925 20.929 20.933 20.937 20.941 20.946 18.017 17.974 19.800 18.567 18.372 20.088 18.662 12.602 12.428 14.773 14.770 18.110 17.794 18.207 19.049 18.839 18.417 20.109 20.006 13.949 18.558 11.554 13.332 11.982 11.187 12.731 11.202 15.616 14.648 19.537 18.785 16.982 17.669 18.388 19.667 19.349 17.628 11.374 12.135 11.144 11.370 11.151 12.062 14.513 14.570 13.387 12.729 10.690 10.606 12.333 10.418 11.724 9.906 10.126 13.087 13.437 15.670 14.025
13.977 14.990 13.598 13.102 14.608 14.605 20.923 20.928 20.932 20.936 20.940 20.945 18.031 17.876 19.156 19.110 18.387 16.097 13.824 13.479 14.769 14.749 20.995 18.114 18.076 18.245 17.621 17.384 17.158 19.923 19.616 20.422 19.947 19.839 13.356 14.340 12.167 12.816 18.199 19.516 18.818 17.866 18.430 19.091 19.529 17.353 19.370 19.233 18.411 19.319 19.817 19.076 13.280 11.765 11.999 11.273 11.538 14.188 11.761 12.475 11.107 12.158 10.245 11.329 10.694 9.754 10.272 10.888 12.369 12.565 13.745
14.324 15.008 13.511 14.600 14.622 20.921 20.926 20.930 20.935 20.939 18.136 18.060 17.985 16.379 16.836 11.420 11.686 12.007 13.459 14.888 14.772 20.999 18.125 18.054 17.534 16.654 15.119 16.539 18.900 18.764 19.367 19.377 17.353 18.872 15.119 13.705 14.201 16.053 19.109 18.760 17.944 15.450 17.155 19.073 17.873 18.302 18.710 18.630 17.701 16.927 18.514 18.794 19.010 11.678 11.976 11.483 11.091 14.345 10.909 12.021 10.976 10.497 11.027 12.445 12.883 12.000 16.048 9.926 9.366 11.402 14.060
14.647 14.667 14.602 14.574 20.919 20.923 20.928 20.932 20.937 20.942 18.090 17.962 16.195 16.004 12.144 12.876 12.350 14.657 15.040 17.638 19.646 18.152 19.008 18.929 17.553 15.791 16.705 18.933 13.918 15.956 18.500 17.812 20.282 12.716 15.883 12.356 14.208 13.504 11.214 16.606 11.069 12.315 12.718 19.383 16.008 17.827 18.716 17.345 16.108 17.807 17.012 18.078 19.041 11.839 11.512 11.155 11.187 11.637 12.472 10.777 13.613 12.204 15.209 11.582 10.948 9.843 9.935 10.064 9.931 12.009 15.421
14.650 14.662 20.910 20.915 20.920 20.925 20.930 18.129 18.126 18.199 18.148 16.988 17.807 18.880 15.993 15.145 14.757 15.080 21.028 20.515 19.471 19.466 18.089 17.236 17.723 17.185 18.437 12.094 11.405 12.169 13.963 17.016 17.941 14.600 11.445 13.473 11.485 11.170 11.080 11.198 11.871 11.043 18.964 11.480 17.639 17.971 17.819 16.264 14.280 15.468 17.550 17.235 18.031 19.376 11.714 11.722 11.527 11.764 11.629 14.009 13.984 14.648 14.927 17.234 10.317 10.569 11.575 10.726 10.548 13.133 11.934
14.619 20.906 20.912 20.917 20.922 20.927 20.932 18.096 18.034 19.030 19.263 17.027 14.432 13.077 16.329 16.452 14.890 21.246 21.253 18.381 18.287 20.622 18.653 16.589 17.291 15.784 19.378 15.580 18.614 19.640 17.105 20.081 16.583 20.113 15.511 16.455 11.173 11.730 12.195 11.804 11.252 11.073 10.953 11.740 12.124 18.924 15.653 15.723 15.119 15.922 16.623 16.418 17.290 18.455 19.860 11.750 11.805 11.542 11.928 13.055 12.956 13.715 13.644 15.347 12.915 11.041 12.898 13.575 15.818 17.265 11.313
20.902 20.907 20.913 20.918 20.923 20.928 18.078 17.940 19.189 19.644 17.729 13.498 12.770 13.014 14.924 14.945 19.006 19.339 18.572 18.178 19.238 19.282 16.952 16.517 14.049 13.944 19.806 19.062 19.585 19.674 19.850 19.231 19.581 18.153 18.807 19.003 18.707 19.585 19.526 17.220 13.867 17.687 13.358 17.657 16.464 17.201 16.936 12.579 12.382 12.699 12.176 16.142 15.367 16.917 17.609 18.129 19.035 12.084 12.922 11.750 12.442 10.970 10.399 12.239 11.003 15.168 16.217 16.222 15.575 14.670 14.911
20.903 20.908 20.913 20.919 20.924 18.054 17.983 18.881 18.265 18.257 18.233 13.273 11.918 13.186 15.010 15.305 19.268 18.502 18.228 16.950 18.495 19.705 17.144 18.167 18.500 17.562 15.984 19.401 17.206 19.831 11.865 20.203 16.608 17.910 17.668 18.993 19.561 17.993 18.845 19.273 17.901 17.207 18.292 17.383 15.315 16.195 16.041 16.068 14.956 13.336 9.920 11.896 14.705 16.175 17.104 15.460 18.414 19.316 12.482 12.349 11.885 11.517 11.045 14.523 12.259 13.868 14.006 14.543 15.470 14.848 14.051
20.903 20.909 20.914 20.920 18.050 17.968 18.361 17.269 18.393 15.493 14.196 13.588 14.873 15.261 20.497 19.283 18.145 18.179 18.096 18.837 19.424 15.713 18.038 19.521 17.611 15.892 15.215 15.245 17.440 16.181 14.119 17.791 17.032 17.081 19.227 18.331 17.050 16.744 19.020 17.405 15.298 16.419 17.677 17.777 12.749 12.969 14.796 14.750 14.877 13.869 17.493 13.311 14.670 16.535 13.326 14.799 16.346 18.718 20.061 13.656 12.744 14.977 15.565 17.715 13.220 13.644 13.990 13.693 14.627 13.821 14.455
20.903 20.909 20.915 18.047 17.961 17.696 17.839 16.944 16.543 16.197 16.097 15.017 16.622 21.138 18.745 18.179 18.155 18.554 18.510 17.348 17.597 14.732 17.206 18.930 17.953 19.852 18.050 13.052 16.817 11.133 17.780 16.953 17.490 17.819 18.001 19.274 18.769 16.535 18.558 18.329 14.786 10.299 18.084 12.967 13.342 15.044 10.440 9.716 16.569 13.011 14.280 16.981 15.375 16.840 13.666 13.196 16.748 16.447 19.322 13.213 13.279 13.800 16.392 16.812 13.234 12.833 13.025 14.367 8.745 8.765 9.271
20.903 18.104 18.026 17.982 18.309 17.541 16.013 13.004 15.011 14.497 14.760 15.612 21.086 18.045 18.239 17.766 17.249 17.595 17.709 19.307 11.256 17.520 17.057 18.065 18.612 17.932 19.841 12.606 15.959 18.048 16.190 15.278 14.727 17.876 18.495 18.961 14.979 15.423 17.525 16.092 16.942 11.626 17.140 18.217 16.424 15.380 12.364 10.447 10.140 12.011 13.068 16.028 15.361 16.878 12.146 13.210 11.533 15.953 17.661 12.402 13.151 12.685 14.154 13.412 11.213 9.989 9.854 9.887 9.655 9.755 11.248
18.087 17.865 18.153 20.237 19.211 18.564 12.460 12.812 13.397 14.995 15.080 20.789 18.959 18.183 18.087 16.639 15.259 12.691 15.346 14.146 16.665 16.677 18.139 17.442 15.086 15.196 12.455 19.528 17.358 16.155 14.755 15.838 13.771 14.302 17.260 18.589 15.430 14.291 17.002 15.774 18.541 18.129 13.618 18.243 18.055 11.028 11.193 17.095 12.495 10.823 12.781 10.728 14.730 16.158 11.342 12.379 11.301 14.963 15.977 16.075 12.950 11.661 10.899 11.300 12.436 11.154 10.395 15.741 15.464 15.017 14.589
17.730 17.687 19.394 19.551 20.192 19.322 11.754 15.728 15.589 17.571 20.630 19.405 18.559 18.737 16.758 15.019 14.148 14.244 19.789 19.040 17.738 18.825 19.038 11.463 10.921 16.009 16.178 19.319 15.956 16.689 17.092 16.211 13.671 13.768 13.745 18.807 13.624 16.621 13.070 13.892 17.040 13.182 15.901 17.488 15.987 12.283 16.295 13.939 15.070 13.818 13.922 12.284 14.732 15.843 17.800 12.143 11.478 14.168 16.167 19.750 12.019 11.963 13.208 12.029 14.762 13.947 13.916 14.334 14.621 8.943 14.559
17.588 18.404 18.181 18.705 19.202 19.048 19.636 20.034 20.782 20.524 19.191 18.234 18.622 16.448 17.243 15.854 16.850 18.326 17.473 16.786 17.239 18.907 18.920 16.565 17.957 19.486 17.427 16.883 18.742 13.256 17.280 18.222 16.128 10.785 10.724 14.059 15.091 17.684 18.280 12.925 18.851 11.246 14.724 17.517 17.674 14.111 15.650 10.047 9.383 10.439 10.069 9.835 15.292 15.999 17.914 13.358 13.683 11.018 17.499 17.081 12.220 11.567 13.131 13.539 12.212 11.639 9.118 9.024 9.418 9.823 10.832
15.471 17.522 17.633 18.569 19.881 19.837 20.152 20.462 20.285 20.584 19.435 16.653 17.543 17.859 19.595 17.056 15.792 14.248 15.971 15.972 18.902 14.958 18.209 19.245 17.055 17.634 19.075 16.663 17.069 12.422 16.917 15.250 15.188 14.081 18.584 18.388 14.756 16.836 17.533 17.895 17.951 15.371 16.498 17.649 17.475 17.573 10.303 11.135 10.582 10.327 11.023 13.232 14.112 15.637 17.292 19.379 14.534 12.709 18.058 17.432 14.269 15.245 12.014 11.781 11.490 11.260 10.630 10.865 10.535 9.298 9.413
17.029 18.215 16.941 19.495 19.380 19.296 19.541 20.130 19.892 17.279 16.335 17.193 16.825 17.952 18.910 18.632 14.869 13.395 10.702 11.338 10.767 17.097 13.186 17.460 18.101 18.807 18.997 18.040 11.569 13.796 16.597 18.599 17.887 17.004 16.748 14.132 12.809 17.477 14.485 16.974 12.635 16.200 14.722 16.715 17.059 17.871 10.188 15.745 15.130 16.100 16.056 17.390 17.259 16.379 16.720 18.951 14.729 11.751 18.679 15.742 17.484 15.719 14.634 13.546 13.468 10.826 9.689 12.646 9.808 9.974 9.642
16.996 16.456 18.798 16.489 18.300 18.475 17.598 18.070 16.590 19.724 14.387 16.333 13.558 15.754 16.952 18.490 13.965 14.029 10.785 10.957 10.897 17.619 17.183 11.617 11.821 10.651 14.219 16.599 13.143 14.272 18.584 18.612 13.275 12.228 10.153 10.355 11.778 12.694 10.465 16.285 12.825 16.203 15.722 16.286 16.615 17.205 17.628 16.221 13.530 13.203 15.853 15.872 17.220 17.436 16.614 18.326 12.590 14.700 16.825 18.250 12.739 11.657 14.731 11.669 15.916 11.735 10.314 10.679 10.720 10.707 10.553
17.130 17.778 19.157 15.920 18.216 17.324 16.202 16.476 15.749 19.150 15.986 14.907 15.669 17.178 19.139 18.728 17.873 17.803 18.499 18.747 18.589 15.767 14.447 10.947 11.239 11.845 12.232 19.710 15.293 15.441 18.283 18.779 15.486 15.102 15.619 14.357 14.286 13.515 16.638 14.485 15.029 15.968 14.410 15.616 15.660 16.876 17.250 12.610 10.785 9.603 10.347 13.988 17.047 16.385 16.089 18.312 14.257 19.168 17.385 19.849 11.368 11.795 11.551 11.499 11.640 11.320 10.809 10.500 13.776 14.355 17.563
16.191 18.460 13.683 15.234 15.955 15.381 15.722 17.027 17.871 16.819 16.642 16.642 17.068 18.239 18.861 16.895 16.786 18.089 17.922 17.826 17.910 17.496 17.961 18.611 12.514 18.352 16.695 18.056 14.161 13.490 18.320 16.173 16.446 16.273 16.276 16.935 17.754 16.388 14.644 12.112 13.944 13.524 14.885 14.328 15.735 16.094 17.165 15.824 13.165 12.174 15.191 16.350 15.269 14.098 15.809 16.178 17.375 19.084 19.497 19.354 20.326 15.994 12.064 12.015 11.439 13.664 15.310 15.820 14.713 14.584 14.234
17.707 18.074 13.833 11.478 14.694 14.877 15.555 18.247 18.079 16.373 16.421 15.763 16.723 18.569 18.853 16.451 15.130 15.609 17.486 15.510 16.462 17.899 18.724 16.541 18.619 13.499 17.666 16.393 15.581 10.427 18.638 12.964 14.599 15.038 15.915 16.557 16.067 15.513 10.141 11.569 9.886 13.022 10.038 14.398 15.411 15.746 16.157 15.812 15.517 14.974 14.556 14.911 15.473 15.123 15.820 14.879 14.059 19.593 18.753 18.511 20.216 19.970 12.771 14.554 15.403 14.296 14.885 13.627 13.217 13.584 15.214
15.829 14.393 11.227 13.170 13.483 15.631 17.601 19.428 17.036 16.091 14.979 13.914 18.419 17.416 17.468 14.850 13.016 11.213 12.928 13.556 11.119 13.931 15.747 19.141 17.825 17.319 16.863 17.848 16.709 16.493 18.885 11.723 12.514 12.014 13.866 15.112 16.734 16.499 10.454 11.123 10.144 9.972 9.024 14.899 14.002 13.653 14.085 14.163 13.948 13.648 12.918 14.099 14.251 15.460 17.249 15.181 17.080 16.793 19.303 18.247 19.820 20.354 16.790 11.517 13.826 12.324 12.180 11.748 11.819 13.273 14.191
16.629 15.555 17.284 17.753 17.608 16.881 19.673 18.109 15.868 15.994 15.272 15.488 18.262 18.462 18.447 16.117 13.900 12.620 11.596 17.655 17.821 18.351 18.451 17.836 16.998 14.670 17.214 17.656 17.906 18.004 16.971 14.137 11.613 14.139 11.880 14.318 15.627 16.111 14.168 11.685 12.258 12.367 12.567 12.063 11.833 12.240 11.673 12.839 12.544 12.767 11.834 12.575 13.165 14.851 17.405 18.489 16.385 18.234 18.568 18.000 18.583 20.507 20.455 11.378 12.506 12.379 11.236 9.988 10.151 10.151 12.834
17.837 18.338 18.600 18.642 16.095 17.346 17.493 15.729 16.336 16.032 15.588 16.963 17.977 17.470 13.557 10.548 11.181 11.492 12.806 14.214 11.552 16.300 18.130 18.262 16.463 13.797 15.016 17.600 17.069 17.288 17.887 16.702 15.000 13.289 10.706 9.925 11.313 12.965 17.465 13.743 13.706 12.732 11.664 11.232 10.572 10.001 11.115 11.000 10.044 11.588 11.697 10.980 12.856 14.998 16.308 18.804 17.466 19.310 19.078 19.194 19.819 20.088 20.089 18.449 11.861 12.171 11.942 11.591 10.693 8.920 9.876
17.905 17.475 16.842 16.600 14.147 17.312 13.160 15.506 15.612 15.895 15.531 17.647 15.795 13.602 12.189 11.898 10.615 11.047 12.325 11.630 10.553 10.332 12.142 16.493 13.417 12.879 15.065 15.810 16.551 16.150 16.290 15.857 16.013 17.000 14.949 12.027 16.636 15.552 16.863 13.369 12.162 11.446 9.588 7.559 7.309 7.531 7.183 7.490 10.124 9.853 10.770 11.714 13.457 13.781 15.288 17.807 18.898 18.697 17.807 19.455 19.657 19.986 19.890 19.941 11.392 12.054 12.417 11.810 11.341 10.200 9.413
14.196 16.141 15.430 12.951 17.620 12.189 16.621 15.413 14.845 15.473 15.053 11.089 13.650 13.798 14.552 15.867 17.702 18.255 18.370 17.699 16.816 18.299 18.703 18.041 15.714 14.228 15.325 16.840 16.407 14.857 14.515 14.394 14.571 14.808 15.402 13.791 14.094 14.880 15.832 12.532 9.808 9.483 9.200 8.821 9.216 8.873 8.294 7.847 7.369 7.028 9.835 11.630 12.073 12.062 13.740 15.722 17.380 18.340 18.303 19.646 19.653 19.289 20.011 20.144 20.228 11.383 11.842 12.615 11.935 11.159 10.466
