tests/2D_interpolations/2009-01-19T12.00_RSWR_ref.asc
ncols               386
nrows               229
xllcorner    479497.492
yllcorner     73502.967
cellsize       1000.000
NODATA_value -999
[rows 87 to 115 of 229, columns 264 to 329 of 386]
185.356 185.356 185.352 185.343 185.327 185.305 185.278 185.246 185.211 185.173 185.129 185.079 185.027 184.972 184.915 184.855 184.792 184.729 184.663 184.595 184.525 -999.000 -999.000 -999.000 -999.000 -999.000 -999.000 -999.000 -999.000 -999.000 -999.000 -999.000 -999.000 -999.000 -999.000 -999.000 -999.000 -999.000 -999.000 -999.000 -999.000 -999.000 -999.000 -999.000 -999.000 -999.000 -999.000 -999.000 -999.000 -999.000 -999.000 -999.000 -999.000 -999.000 -999.000 -999.000 -999.000 -999.000 -999.000 -999.000 -999.000 -999.000 -999.000 -999.000 -999.000 -999.000
185.387 185.388 185.383 185.373 185.358 185.336 185.308 185.276 185.239 185.201 185.155 185.104 185.050 184.993 184.934 184.871 184.808 184.742 184.674 184.604 184.531 184.457 184.381 -999.000 184.226 184.149 184.072 183.994 -999.000 -999.000 -999.000 -999.000 -999.000 -999.000 -999.000 -999.000 -999.000 -999.000 -999.000 -999.000 -999.000 -999.000 -999.000 -999.000 -999.000 -999.000 -999.000 -999.000 -999.000 -999.000 -999.000 -999.000 -999.000 -999.000 -999.000 -999.000 -999.000 -999.000 -999.000 -999.000 -999.000 -999.000 -999.000 -999.000 -999.000 -999.000
185.423 185.423 185.418 185.407 185.390 185.368 185.340 185.306 185.268 185.228 185.182 185.129 185.073 185.014 184.953 184.889 184.824 184.755 184.685 184.612 184.536 184.459 184.380 184.299 184.218 184.138 184.057 183.976 183.894 183.814 -999.000 -999.000 -999.000 -999.000 -999.000 -999.000 -999.000 -999.000 -999.000 -999.000 -999.000 -999.000 -999.000 -999.000 -999.000 -999.000 -999.000 -999.000 -999.000 -999.000 -999.000 -999.000 -999.000 -999.000 -999.000 -999.000 -999.000 -999.000 -999.000 -999.000 -999.000 -999.000 -999.000 -999.000 -999.000 -999.000
185.467 185.462 185.457 185.445 185.426 185.402 185.373 185.338 185.299 185.257 185.209 185.155 185.097 185.036 184.973 184.908 184.840 184.769 184.695 184.619 184.541 184.460 184.378 184.294 184.210 184.125 184.041 183.957 183.872 183.788 183.705 183.623 183.541 183.461 183.382 -999.000 -999.000 -999.000 -999.000 -999.000 -999.000 -999.000 -999.000 -999.000 -999.000 -999.000 -999.000 -999.000 -999.000 -999.000 -999.000 -999.000 -999.000 -999.000 -999.000 -999.000 -999.000 -999.000 -999.000 -999.000 -999.000 -999.000 -999.000 -999.000 -999.000 -999.000
185.514 185.510 185.499 185.486 185.466 185.439 185.408 185.372 185.331 185.287 185.238 185.182 185.122 185.060 184.995 184.927 184.856 184.782 184.706 184.627 184.545 184.461 184.375 184.288 184.200 184.112 184.024 183.936 183.849 183.761 183.675 183.590 183.505 183.422 183.341 183.260 183.180 -999.000 -999.000 -999.000 -999.000 -999.000 -999.000 -999.000 -999.000 -999.000 -999.000 -999.000 -999.000 -999.000 -999.000 -999.000 -999.000 -999.000 -999.000 -999.000 -999.000 -999.000 -999.000 -999.000 -999.000 -999.000 -999.000 -999.000 -999.000 -999.000
185.563 185.559 185.549 185.530 185.509 185.480 185.445 185.407 185.364 185.318 185.268 185.210 185.148 185.084 185.016 184.946 184.872 184.796 184.716 184.634 184.549 184.461 184.372 184.281 184.189 184.098 184.007 183.915 183.824 183.733 183.644 183.556 183.468 183.380 183.294 183.208 183.122 183.040 182.961 182.885 182.810 182.739 -999.000 -999.000 -999.000 -999.000 -999.000 -999.000 -999.000 -999.000 -999.000 -999.000 -999.000 -999.000 -999.000 -999.000 -999.000 -999.000 -999.000 -999.000 -999.000 -999.000 -999.000 -999.000 -999.000 -999.000
185.616 185.612 185.602 185.583 185.554 185.524 185.487 185.444 185.399 185.351 185.299 185.239 185.176 185.109 185.039 184.965 184.889 184.809 184.726 184.640 184.552 184.461 184.368 184.274 184.179 184.083 183.988 183.893 183.799 183.705 183.612 183.519 183.426 183.333 183.240 183.151 183.064 182.979 182.898 182.819 182.742 182.669 -999.000 -999.000 -999.000 -999.000 -999.000 -999.000 -999.000 -999.000 -999.000 -999.000 -999.000 -999.000 -999.000 -999.000 -999.000 -999.000 -999.000 -999.000 -999.000 -999.000 -999.000 -999.000 -999.000 -999.000
185.672 185.668 185.657 185.637 185.608 185.570 185.531 185.485 185.436 185.385 185.331 185.270 185.204 185.134 185.061 184.985 184.905 184.822 184.736 184.647 184.555 184.460 184.364 184.266 184.167 184.068 183.969 183.871 183.773 183.676 183.577 183.478 183.378 183.281 183.186 183.094 183.004 182.916 182.832 182.750 182.670 182.594 182.521 -999.000 -999.000 -999.000 -999.000 -999.000 -999.000 -999.000 -999.000 -999.000 -999.000 -999.000 -999.000 -999.000 -999.000 -999.000 -999.000 -999.000 -999.000 -999.000 -999.000 -999.000 -999.000 -999.000
185.733 185.727 185.715 185.694 185.664 185.624 185.578 185.529 185.476 185.421 185.365 185.302 185.233 185.161 185.085 185.005 184.922 184.835 184.746 184.653 184.557 184.459 184.359 184.258 184.155 184.052 183.950 183.848 183.746 183.642 183.536 183.432 183.329 183.229 183.131 183.035 182.941 182.850 182.761 182.675 182.593 182.513 182.437 -999.000 -999.000 -999.000 -999.000 -999.000 -999.000 -999.000 -999.000 -999.000 -999.000 -999.000 -999.000 -999.000 -999.000 -999.000 -999.000 -999.000 -999.000 -999.000 -999.000 -999.000 -999.000 -999.000
185.799 185.791 185.776 185.753 185.721 185.680 185.629 185.575 185.519 185.459 185.401 185.335 185.263 185.188 185.109 185.026 184.939 184.849 184.755 184.659 184.559 184.458 184.354 184.249 184.143 184.036 183.930 183.823 183.715 183.604 183.494 183.386 183.280 183.176 183.074 182.973 182.875 182.779 182.685 182.595 182.509 182.426 -999.000 -999.000 -999.000 -999.000 -999.000 -999.000 -999.000 -999.000 -999.000 -999.000 -999.000 -999.000 -999.000 -999.000 -999.000 -999.000 -999.000 -999.000 -999.000 -999.000 -999.000 -999.000 -999.000 -999.000
185.869 185.858 185.841 185.815 185.781 185.737 185.685 185.624 185.564 185.502 185.437 185.369 185.294 185.215 185.133 185.046 184.956 184.862 184.765 184.665 184.562 184.456 184.349 184.240 184.131 184.021 183.909 183.796 183.679 183.564 183.451 183.340 183.230 183.121 183.013 182.907 182.804 182.702 182.604 182.509 182.418 182.331 -999.000 -999.000 -999.000 -999.000 -999.000 -999.000 -999.000 -999.000 -999.000 -999.000 -999.000 -999.000 -999.000 -999.000 -999.000 -999.000 -999.000 -999.000 -999.000 -999.000 -999.000 -999.000 -999.000 -999.000
185.945 185.930 185.909 185.881 185.843 185.797 185.742 185.680 185.612 185.547 185.478 185.403 185.326 185.244 185.158 185.068 184.974 184.876 184.775 184.671 184.564 184.455 184.344 184.231 184.118 184.003 183.885 183.763 183.644 183.526 183.409 183.292 183.177 183.062 182.949 182.837 182.727 182.620 182.516 182.417 182.321 182.230 -999.000 -999.000 -999.000 -999.000 -999.000 -999.000 -999.000 -999.000 -999.000 -999.000 -999.000 -999.000 -999.000 -999.000 -999.000 -999.000 -999.000 -999.000 -999.000 -999.000 -999.000 -999.000 -999.000 -999.000
186.025 186.006 185.982 185.949 185.908 185.858 185.801 185.736 185.665 185.593 185.520 185.440 185.358 185.273 185.183 185.089 184.992 184.890 184.785 184.677 184.567 184.454 184.339 184.223 184.104 183.983 183.856 183.732 183.609 183.487 183.364 183.242 183.120 182.999 182.880 182.761 182.646 182.533 182.424 182.319 182.219 182.125 -999.000 -999.000 -999.000 -999.000 -999.000 -999.000 -999.000 -999.000 -999.000 -999.000 -999.000 -999.000 -999.000 -999.000 -999.000 -999.000 -999.000 -999.000 -999.000 -999.000 -999.000 -999.000 -999.000 -999.000
186.111 186.087 186.058 186.021 185.975 185.922 185.861 185.794 185.721 185.643 185.564 185.480 185.391 185.302 185.209 185.112 185.010 184.905 184.796 184.684 184.569 184.453 184.334 184.213 184.088 183.958 183.830 183.702 183.574 183.446 183.318 183.189 183.061 182.933 182.806 182.682 182.560 182.441 182.327 182.218 182.114 182.016 181.923 -999.000 -999.000 -999.000 -999.000 -999.000 -999.000 -999.000 -999.000 -999.000 -999.000 -999.000 -999.000 -999.000 -999.000 -999.000 -999.000 -999.000 -999.000 -999.000 -999.000 -999.000 -999.000 -999.000
186.201 186.172 186.138 186.095 186.045 185.988 185.923 185.853 185.777 185.697 185.609 185.521 185.427 185.333 185.236 185.134 185.029 184.920 184.807 184.691 184.573 184.452 184.330 184.202 184.069 183.936 183.803 183.670 183.538 183.404 183.269 183.133 182.997 182.863 182.729 182.598 182.470 182.347 182.228 182.113 182.003 181.898 181.799 181.706 -999.000 -999.000 -999.000 -999.000 -999.000 -999.000 -999.000 -999.000 -999.000 -999.000 -999.000 -999.000 -999.000 -999.000 -999.000 -999.000 -999.000 -999.000 -999.000 -999.000 -999.000 -999.000
186.296 186.262 186.221 186.173 186.118 186.056 185.987 185.914 185.835 185.752 185.659 185.563 185.465 185.364 185.263 185.158 185.049 184.935 184.819 184.699 184.577 184.453 184.323 184.188 184.051 183.914 183.777 183.639 183.500 183.359 183.217 183.074 182.931 182.789 182.649 182.513 182.380 182.249 182.123 182.000 181.883 181.771 181.666 181.569 181.478 -999.000 -999.000 -999.000 -999.000 -999.000 -999.000 -999.000 -999.000 -999.000 -999.000 -999.000 -999.000 -999.000 -999.000 -999.000 -999.000 -999.000 -999.000 -999.000 -999.000 -999.000
186.395 186.355 186.308 186.254 186.193 186.126 186.053 185.976 185.894 185.807 185.711 185.606 185.504 185.399 185.291 185.182 185.069 184.952 184.831 184.708 184.582 184.452 184.316 184.175 184.034 183.893 183.751 183.607 183.460 183.313 183.163 183.013 182.863 182.714 182.569 182.425 182.284 182.145 182.010 181.879 181.754 181.636 181.524 181.422 181.327 181.242 181.167 181.104 181.051 181.009 -999.000 -999.000 -999.000 -999.000 -999.000 -999.000 -999.000 -999.000 -999.000 -999.000 -999.000 -999.000 -999.000 -999.000 -999.000 -999.000
186.499 186.452 186.398 186.337 186.271 186.198 186.121 186.039 185.954 185.863 185.762 185.655 185.544 185.434 185.321 185.207 185.090 184.969 184.845 184.717 184.587 184.451 184.307 184.163 184.019 183.873 183.724 183.573 183.420 183.265 183.108 182.950 182.793 182.639 182.486 182.334 182.183 182.035 181.891 181.751 181.618 181.493 181.375 181.267 181.169 181.081 181.004 180.939 180.886 180.845 180.815 -999.000 -999.000 -999.000 -999.000 -999.000 -999.000 -999.000 -999.000 -999.000 -999.000 -999.000 -999.000 -999.000 -999.000 -999.000
186.607 186.552 186.491 186.423 186.350 186.273 186.191 186.105 186.016 185.919 185.815 185.703 185.586 185.471 185.353 185.233 185.112 184.987 184.859 184.728 184.591 184.448 184.300 184.153 184.004 183.852 183.697 183.539 183.378 183.216 183.051 182.886 182.724 182.562 182.400 182.238 182.077 181.919 181.766 181.618 181.477 181.344 181.221 181.108 181.004 180.910 180.827 180.758 180.704 180.664 180.638 180.625 180.623 180.632 -999.000 -999.000 -999.000 -999.000 -999.000 -999.000 -999.000 -999.000 -999.000 -999.000 -999.000 -999.000
186.717 186.655 186.586 186.512 186.432 186.349 186.262 186.172 186.078 185.976 185.867 185.753 185.632 185.509 185.387 185.261 185.135 185.006 184.874 184.739 184.597 184.446 184.295 184.143 183.989 183.832 183.670 183.505 183.337 183.166 182.994 182.825 182.654 182.482 182.310 182.138 181.967 181.799 181.637 181.480 181.332 181.191 181.057 180.930 180.817 180.718 180.633 180.563 180.509 180.470 180.445 180.435 180.438 180.455 180.484 -999.000 -999.000 -999.000 -999.000 -999.000 -999.000 -999.000 -999.000 -999.000 -999.000 -999.000
186.831 186.760 186.684 186.602 186.516 186.427 186.335 186.240 186.141 186.034 185.921 185.803 185.679 185.549 185.421 185.291 185.159 185.027 184.891 184.749 184.600 184.446 184.292 184.135 183.975 183.811 183.643 183.471 183.295 183.117 182.940 182.762 182.582 182.400 182.218 182.035 181.854 181.677 181.506 181.341 181.179 181.021 180.876 180.745 180.627 180.522 180.433 180.360 180.305 180.267 180.247 180.241 180.251 180.273 180.308 180.353 -999.000 -999.000 -999.000 -999.000 -999.000 -999.000 -999.000 -999.000 -999.000 -999.000
186.947 186.868 186.783 186.694 186.602 186.507 186.410 186.311 186.205 186.092 185.975 185.853 185.726 185.593 185.457 185.322 185.185 185.048 184.908 184.761 184.605 184.448 184.289 184.128 183.962 183.792 183.617 183.437 183.254 183.070 182.886 182.700 182.510 182.317 182.124 181.931 181.740 181.554 181.372 181.188 181.012 180.848 180.694 180.552 180.424 180.311 180.215 180.138 180.082 180.046 180.030 180.032 180.051 180.084 180.129 180.184 -999.000 -999.000 -999.000 -999.000 -999.000 -999.000 -999.000 -999.000 -999.000 -999.000
187.065 186.977 186.884 186.788 186.690 186.589 186.487 186.381 186.269 186.152 186.030 185.904 185.773 185.637 185.494 185.355 185.213 185.071 184.925 184.772 184.612 184.452 184.289 184.122 183.950 183.773 183.592 183.405 183.215 183.026 182.833 182.637 182.437 182.234 182.030 181.827 181.628 181.430 181.226 181.032 180.847 180.669 180.501 180.344 180.203 180.080 179.976 179.895 179.838 179.805 179.794 179.805 179.834 179.880 179.940 180.009 180.086 180.168 180.256 -999.000 -999.000 -999.000 -999.000 -999.000 -999.000 180.888
187.183 187.087 186.986 186.883 186.779 186.672 186.566 186.452 186.334 186.212 186.086 185.956 185.821 185.681 185.535 185.388 185.243 185.095 184.944 184.784 184.622 184.457 184.289 184.117 183.940 183.757 183.568 183.375 183.180 182.983 182.782 182.575 182.365 182.152 181.938 181.726 181.515 181.295 181.083 180.877 180.676 180.480 180.294 180.121 179.969 179.837 179.728 179.643 179.584 179.553 179.548 179.567 179.606 179.664 179.739 179.825 179.919 180.016 180.116 180.218 -999.000 180.428 180.526 180.624 180.722 180.816
187.303 187.198 187.090 186.979 186.869 186.758 186.644 186.524 186.400 186.273 186.143 186.009 185.870 185.727 185.577 185.423 185.274 185.121 184.963 184.799 184.633 184.465 184.292 184.115 183.931 183.742 183.547 183.347 183.147 182.942 182.732 182.516 182.295 182.072 181.849 181.627 181.395 181.166 180.942 180.718 180.497 180.281 180.079 179.894 179.725 179.578 179.457 179.364 179.304 179.277 179.280 179.313 179.369 179.443 179.532 179.633 179.745 179.861 179.977 180.092 180.207 180.326 180.434 180.540 180.644 180.746
187.422 187.309 187.193 187.077 186.961 186.844 186.722 186.596 186.467 186.336 186.201 186.062 185.920 185.773 185.620 185.462 185.306 185.148 184.983 184.815 184.646 184.474 184.297 184.114 183.925 183.729 183.528 183.324 183.117 182.904 182.685 182.460 182.230 181.998 181.766 181.526 181.282 181.041 180.800 180.556 180.314 180.082 179.861 179.653 179.462 179.297 179.164 179.065 179.003 178.979 178.992 179.038 179.112 179.209 179.321 179.442 179.569 179.704 179.839 179.969 180.096 180.222 180.347 180.460 180.571 180.680
187.542 187.420 187.298 187.176 187.054 186.929 186.801 186.669 186.535 186.399 186.260 186.117 185.970 185.819 185.664 185.503 185.340 185.177 185.005 184.834 184.662 184.485 184.304 184.116 183.921 183.720 183.513 183.305 183.091 182.870 182.642 182.408 182.170 181.929 181.686 181.429 181.176 180.920 180.658 180.394 180.135 179.882 179.634 179.399 179.188 179.007 178.857 178.744 178.679 178.661 178.689 178.755 178.847 178.965 179.102 179.249 179.398 179.548 179.701 179.850 179.991 180.126 180.263 180.386 180.503 180.618
187.661 187.532 187.403 187.276 187.147 187.015 186.880 186.743 186.604 186.463 186.319 186.172 186.022 185.867 185.708 185.544 185.376 185.207 185.030 184.855 184.679 184.499 184.313 184.120 183.921 183.714 183.503 183.290 183.069 182.841 182.604 182.362 182.116 181.868 181.608 181.342 181.076 180.803 180.521 180.240 179.960 179.679 179.403 179.146 178.905 178.694 178.524 178.402 178.333 178.321 178.363 178.449 178.571 178.723 178.881 179.054 179.231 179.402 179.569 179.735 179.892 180.038 180.180 180.319 180.443 180.563
187.780 187.645 187.510 187.376 187.239 187.100 186.959 186.817 186.673 186.528 186.379 186.228 186.074 185.915 185.753 185.587 185.415 185.239 185.058 184.879 184.699 184.516 184.326 184.128 183.924 183.713 183.497 183.279 183.052 182.816 182.573 182.324 182.070 181.813 181.539 181.265 180.985 180.694 180.394 180.096 179.790 179.481 179.182 178.887 178.616 178.373 178.170 178.026 177.951 177.948 178.013 178.134 178.293 178.472 178.671 178.867 179.068 179.264 179.448 179.629 179.801 179.960 180.109 180.258 180.390 180.515
