tests/2D_interpolations/2009-01-19T12.00_HNW_ref.asc
ncols               386
nrows               229
xllcorner    479497.492
yllcorner     73502.967
cellsize       1000.000
NODATA_value -999
[rows 66 to 98 of 229, columns 219 to 291 of 386]
0.044 0.041 0.041 0.042 0.042 0.041 0.040 0.039 0.040 0.042 0.046 0.053 0.057 0.049 0.049 0.055 0.060 0.049 0.069 0.066 0.064 0.072 0.064 0.062 0.068 0.083 0.081 0.064 0.051 0.053 0.061 0.082 0.076 0.083 0.090 0.109 0.103 0.097 0.108 0.097 0.101 0.098 0.092 0.108 0.105 0.148 0.150 0.143 0.137 0.123 0.142 0.111 0.113 0.142 0.100 0.070 0.043 0.035 0.035 0.035 0.035 0.035 -999.000 -999.000 -999.000 -999.000 -999.000 -999.000 -999.000 -999.000 -999.000 -999.000 -999.000
0.044 0.043 0.040 0.042 0.040 0.040 0.040 0.038 0.037 0.042 0.045 0.049 0.053 0.050 0.046 0.049 0.056 0.051 0.054 0.057 0.062 0.062 0.064 0.070 0.081 0.091 0.090 0.072 0.063 0.053 0.056 0.055 0.063 0.083 0.098 0.101 0.096 0.088 0.093 0.107 0.101 0.096 0.100 0.112 0.149 0.144 0.168 0.142 0.135 0.141 0.117 0.146 0.128 0.103 0.058 0.038 0.036 0.035 0.035 0.035 0.035 0.035 0.044 -999.000 -999.000 -999.000 -999.000 -999.000 -999.000 -999.000 -999.000 -999.000 -999.000
0.042 0.040 0.038 0.037 0.040 0.041 0.040 0.037 0.036 0.037 0.039 0.040 0.042 0.049 0.046 0.043 0.044 0.047 0.047 0.050 0.052 0.057 0.073 0.082 0.096 0.099 0.092 0.086 0.076 0.062 0.064 0.064 0.058 0.065 0.080 0.075 0.070 0.073 0.078 0.079 0.083 0.091 0.104 0.130 0.150 0.146 0.172 0.154 0.165 0.143 0.134 0.135 0.079 0.059 0.041 0.035 0.035 0.035 0.035 0.035 0.035 0.050 0.047 -999.000 -999.000 -999.000 -999.000 -999.000 -999.000 -999.000 -999.000 -999.000 -999.000
0.039 0.036 0.037 0.033 0.032 0.034 0.035 0.035 0.036 0.036 0.041 0.041 0.041 0.038 0.039 0.039 0.036 0.043 0.046 0.046 0.046 0.050 0.061 0.071 0.073 0.092 0.092 0.095 0.088 0.065 0.087 0.078 0.067 0.060 0.064 0.068 0.084 0.099 0.102 0.104 0.100 0.101 0.121 0.147 0.121 0.115 0.150 0.164 0.158 0.142 0.137 0.093 0.071 0.054 0.037 0.035 0.035 0.035 0.035 0.042 0.044 0.048 -999.000 -999.000 -999.000 -999.000 -999.000 -999.000 -999.000 -999.000 -999.000 -999.000 -999.000
0.032 0.032 0.032 0.032 0.032 0.032 0.033 0.033 0.033 0.034 0.034 0.034 0.037 0.036 0.039 0.038 0.035 0.033 0.036 0.040 0.043 0.046 0.048 0.065 0.074 0.076 0.083 0.106 0.101 0.083 0.072 0.088 0.073 0.063 0.060 0.067 0.080 0.106 0.122 0.105 0.112 0.144 0.144 0.106 0.097 0.124 0.137 0.129 0.138 0.136 0.101 0.080 0.066 0.045 0.036 0.035 0.035 0.035 0.039 0.046 0.038 0.036 0.036 -999.000 -999.000 -999.000 -999.000 -999.000 -999.000 -999.000 -999.000 -999.000 -999.000
0.032 0.032 0.032 0.032 0.032 0.032 0.032 0.033 0.032 0.033 0.035 0.036 0.032 0.032 0.032 0.032 0.033 0.032 0.032 0.033 0.035 0.037 0.044 0.056 0.062 0.070 0.091 0.105 0.102 0.089 0.075 0.101 0.094 0.072 0.067 0.065 0.075 0.099 0.114 0.139 0.116 0.114 0.101 0.088 0.114 0.106 0.113 0.128 0.108 0.104 0.095 0.078 0.053 0.040 0.037 0.035 0.035 0.035 0.036 0.035 0.036 0.036 0.038 0.059 -999.000 -999.000 -999.000 -999.000 -999.000 -999.000 -999.000 -999.000 -999.000
0.032 0.032 0.032 0.032 0.033 0.032 0.032 0.032 0.032 0.032 0.032 0.032 0.032 0.032 0.034 0.041 0.035 0.032 0.033 0.033 0.033 0.034 0.035 0.045 0.074 0.079 0.080 0.106 0.102 0.085 0.105 0.107 0.086 0.104 0.093 0.078 0.068 0.087 0.122 0.115 0.108 0.107 0.097 0.082 0.089 0.092 0.087 0.086 0.089 0.090 0.085 0.070 0.052 0.037 0.036 0.035 0.035 0.035 0.035 0.035 0.035 0.040 0.061 0.100 -999.000 -999.000 -999.000 -999.000 -999.000 -999.000 -999.000 -999.000 -999.000
0.035 0.033 0.032 0.033 0.032 0.032 0.032 0.032 0.032 0.032 0.033 0.033 0.042 0.047 0.040 0.033 0.032 0.033 0.033 0.033 0.038 0.034 0.034 0.040 0.060 0.086 0.080 0.089 0.122 0.100 0.123 0.098 0.107 0.091 0.079 0.073 0.070 0.071 0.103 0.113 0.095 0.078 0.072 0.073 0.081 0.084 0.084 0.085 0.080 0.073 0.062 0.054 0.042 0.038 0.036 0.035 0.035 0.035 0.035 0.035 0.036 0.052 0.098 0.128 -999.000 -999.000 -999.000 -999.000 -999.000 -999.000 -999.000 -999.000 -999.000
0.038 0.039 0.037 0.043 0.037 0.033 0.032 0.032 0.032 0.033 0.033 0.033 0.037 0.036 0.037 0.033 0.032 0.033 0.033 0.033 0.038 0.042 0.033 0.035 0.055 0.076 0.101 0.094 0.124 0.120 0.118 0.091 0.085 0.082 0.088 0.099 0.086 0.075 0.069 0.080 0.071 0.085 0.094 0.098 0.096 0.100 0.105 0.102 0.104 0.096 0.085 0.069 0.051 0.037 0.036 0.035 0.036 0.036 0.035 0.035 0.043 0.078 0.101 0.123 -999.000 -999.000 -999.000 -999.000 -999.000 -999.000 -999.000 -999.000 -999.000
0.055 0.056 0.057 0.055 0.051 0.046 0.039 0.037 0.034 0.034 0.034 0.034 0.034 0.034 0.033 0.033 0.033 0.033 0.033 0.033 0.047 0.033 0.033 0.034 0.042 0.063 0.096 0.113 0.128 0.132 0.125 0.104 0.100 0.107 0.114 0.102 0.121 0.102 0.075 0.079 0.103 0.113 0.113 0.113 0.109 0.126 0.122 0.118 0.110 0.102 0.084 0.068 0.046 0.038 0.036 0.035 0.036 0.036 0.036 0.039 0.049 0.092 0.139 0.141 -999.000 -999.000 -999.000 -999.000 -999.000 -999.000 -999.000 -999.000 -999.000
0.068 0.079 0.077 0.070 0.070 0.061 0.053 0.050 0.046 0.038 0.035 0.035 0.035 0.035 0.034 0.034 0.033 0.033 0.033 0.033 0.033 0.033 0.033 0.033 0.038 0.071 0.103 0.124 0.107 0.124 0.130 0.130 0.112 0.134 0.120 0.119 0.109 0.089 0.118 0.123 0.122 0.119 0.128 0.133 0.138 0.147 0.139 0.119 0.105 0.090 0.080 0.081 0.070 0.045 0.040 0.036 0.036 0.036 0.036 0.044 0.068 0.116 0.119 0.120 0.079 -999.000 -999.000 -999.000 -999.000 -999.000 -999.000 -999.000 -999.000
0.068 0.066 0.068 0.076 0.086 0.085 0.077 0.072 0.056 0.054 0.052 0.044 0.043 0.041 0.045 0.049 0.047 0.038 0.036 0.034 0.033 0.033 0.033 0.033 0.044 0.093 0.141 0.119 0.093 0.137 0.110 0.103 0.097 0.121 0.111 0.126 0.099 0.125 0.131 0.137 0.137 0.139 0.146 0.145 0.159 0.146 0.141 0.115 0.092 0.103 0.126 0.105 0.080 0.076 0.059 0.038 0.036 0.036 0.036 0.046 0.068 0.119 0.126 0.101 0.095 0.139 -999.000 -999.000 -999.000 -999.000 -999.000 -999.000 -999.000
0.070 0.074 0.073 0.069 0.076 0.086 0.092 0.079 0.071 0.084 0.077 0.056 0.063 0.089 0.087 0.076 0.076 0.070 0.052 0.047 0.033 0.033 0.033 0.034 0.046 0.109 0.109 0.083 0.086 0.097 0.084 0.085 0.098 0.110 0.112 0.131 0.134 0.145 0.139 0.133 0.128 0.138 0.134 0.131 0.147 0.139 0.123 0.119 0.113 0.130 0.131 0.118 0.111 0.090 0.057 0.042 0.036 0.036 0.037 0.043 0.079 0.138 0.118 0.105 0.098 0.134 0.149 -999.000 -999.000 -999.000 -999.000 -999.000 -999.000
0.071 0.074 0.071 0.071 0.073 0.089 0.098 0.092 0.085 0.101 0.090 0.061 0.059 0.071 0.087 0.100 0.099 0.090 0.083 0.086 0.056 0.037 0.033 0.033 0.055 0.080 0.076 0.062 0.062 0.072 0.064 0.075 0.099 0.098 0.111 0.106 0.143 0.141 0.115 0.111 0.103 0.084 0.083 0.107 0.127 0.125 0.151 0.125 0.154 0.162 0.154 0.142 0.118 0.081 0.071 0.055 0.036 0.036 0.037 0.036 0.079 0.126 0.122 0.086 0.124 0.116 0.137 0.147 -999.000 -999.000 -999.000 -999.000 -999.000
0.074 0.071 0.071 0.071 0.073 0.084 0.084 0.091 0.100 0.088 0.073 0.058 0.057 0.060 0.072 0.091 0.107 0.111 0.094 0.098 0.109 0.074 0.036 0.033 0.034 0.048 0.040 0.039 0.033 0.033 0.033 0.037 0.045 0.058 0.062 0.072 0.075 0.067 0.064 0.067 0.071 0.063 0.058 0.048 0.066 0.086 0.121 0.132 0.151 0.158 0.154 0.124 0.103 0.106 0.084 0.058 0.036 0.036 0.036 0.036 0.072 0.099 0.121 0.107 0.143 0.151 0.128 0.143 -999.000 -999.000 -999.000 -999.000 -999.000
0.070 0.072 0.071 0.071 0.071 0.074 0.079 0.090 0.096 0.089 0.075 0.057 0.079 0.075 0.079 0.075 0.098 0.117 0.111 0.109 0.101 0.088 0.076 0.047 0.034 0.034 0.034 0.034 0.033 0.033 0.033 0.033 0.033 0.033 0.033 0.033 0.033 0.033 0.033 0.033 0.033 0.033 0.033 0.034 0.038 0.057 0.098 0.133 0.120 0.131 0.146 0.130 0.126 0.123 0.088 0.054 0.044 0.036 0.037 0.037 0.054 0.081 0.109 0.113 0.141 0.151 0.140 0.158 -999.000 -999.000 -999.000 -999.000 -999.000
0.071 0.073 0.079 0.071 0.071 0.080 0.092 0.097 0.096 0.084 0.082 0.069 0.059 0.073 0.094 0.087 0.104 0.121 0.105 0.110 0.121 0.108 0.077 0.043 0.034 0.034 0.034 0.034 0.065 0.060 0.061 0.051 0.045 0.033 0.033 0.033 0.033 0.033 0.033 0.033 0.033 0.033 0.033 0.034 0.034 0.035 0.052 0.116 0.105 0.125 0.139 0.149 0.143 0.121 0.088 0.070 0.054 0.037 0.037 0.037 0.052 0.072 0.106 0.102 0.113 0.119 0.148 0.160 -999.000 -999.000 -999.000 -999.000 -999.000
0.073 0.084 0.075 0.071 0.071 0.084 0.103 0.101 0.106 0.103 0.104 0.112 0.073 0.068 0.086 0.108 0.094 0.110 0.111 0.106 0.112 0.123 0.119 0.068 0.034 0.034 0.054 0.075 0.091 0.083 0.080 0.070 0.064 0.060 0.046 0.052 0.044 0.048 0.044 0.046 0.046 0.047 0.050 0.046 0.035 0.035 0.037 0.061 0.127 0.126 0.138 0.150 0.145 0.125 0.106 0.072 0.052 0.037 0.037 0.037 0.043 0.077 0.106 0.122 0.134 0.136 0.134 0.144 -999.000 -999.000 -999.000 -999.000 -999.000
0.089 0.079 0.078 0.071 0.071 0.097 0.086 0.082 0.086 0.122 0.115 0.100 0.074 0.072 0.085 0.100 0.108 0.147 0.147 0.128 0.102 0.097 0.084 0.082 0.035 0.035 0.073 0.097 0.122 0.112 0.092 0.090 0.084 0.093 0.081 0.089 0.068 0.080 0.066 0.063 0.076 0.093 0.085 0.073 0.055 0.035 0.035 0.046 0.074 0.129 0.129 0.137 0.141 0.119 0.089 0.066 0.049 0.037 0.037 0.037 0.042 0.076 0.121 0.138 0.112 0.141 0.142 0.163 -999.000 -999.000 -999.000 -999.000 -999.000
0.111 0.081 0.105 0.084 0.071 0.071 0.072 0.091 0.094 0.101 0.109 0.093 0.080 0.072 0.072 0.090 0.116 0.107 0.108 0.104 0.093 0.089 0.071 0.067 0.035 0.035 0.045 0.080 0.117 0.129 0.108 0.120 0.111 0.123 0.127 0.066 0.099 0.113 0.105 0.091 0.110 0.114 0.103 0.090 0.068 0.047 0.036 0.036 0.049 0.071 0.116 0.121 0.130 0.107 0.085 0.066 0.041 0.038 0.037 0.038 0.054 0.107 0.122 0.151 0.115 0.151 0.159 0.172 -999.000 -999.000 -999.000 -999.000 -999.000
0.114 0.095 0.115 0.093 0.099 0.071 0.071 0.094 0.103 0.111 0.114 0.098 0.096 0.074 0.072 0.116 0.136 0.146 0.146 0.087 0.079 0.081 0.097 0.088 0.035 0.035 0.057 0.089 0.102 0.122 0.125 0.127 0.123 0.137 0.119 0.082 0.124 0.130 0.129 0.134 0.129 0.129 0.120 0.090 0.067 0.064 0.050 0.044 0.036 0.042 0.076 0.115 0.134 0.110 0.079 0.047 0.038 0.038 0.038 0.039 0.099 0.106 0.139 0.142 0.134 0.144 0.172 -999.000 -999.000 -999.000 -999.000 -999.000 -999.000
0.110 0.099 0.121 0.108 0.097 0.080 0.071 0.071 0.076 0.089 0.100 0.114 0.093 0.072 0.075 0.101 0.132 0.133 0.098 0.109 0.119 0.131 0.146 0.078 0.036 0.059 0.088 0.110 0.119 0.129 0.127 0.140 0.138 0.127 0.112 0.106 0.146 0.155 0.147 0.150 0.141 0.134 0.114 0.073 0.101 0.086 0.073 0.061 0.042 0.037 0.039 0.093 0.122 0.125 0.073 0.052 0.038 0.038 0.038 0.055 0.122 0.129 0.121 0.157 0.168 0.174 -999.000 -999.000 -999.000 -999.000 -999.000 -999.000 -999.000
0.119 0.112 0.110 0.097 0.082 0.073 0.078 0.079 0.072 0.082 0.100 0.138 0.095 0.072 0.109 0.135 0.134 0.119 0.105 0.133 0.143 0.144 0.143 0.046 0.036 0.065 0.090 0.126 0.149 0.133 0.139 0.143 0.127 0.148 0.130 0.112 0.145 0.163 0.157 0.146 0.138 0.116 0.082 0.115 0.125 0.117 0.094 0.076 0.067 0.046 0.038 0.040 0.063 0.064 0.041 0.038 0.038 0.038 0.038 0.061 0.110 0.138 0.149 0.175 0.172 0.178 0.178 0.184 -999.000 0.178 0.172 0.182 0.187
0.121 0.110 0.099 0.090 0.079 0.073 0.090 0.105 0.091 0.081 0.133 0.119 0.102 0.098 0.117 0.145 0.144 0.126 0.145 0.140 0.139 0.141 0.112 0.043 0.038 0.062 0.093 0.118 0.157 0.159 0.148 0.139 0.154 0.141 0.130 0.123 0.159 0.170 0.143 0.114 0.101 0.089 0.113 0.138 0.137 0.131 0.116 0.096 0.082 0.066 0.053 0.044 0.039 0.040 0.038 0.038 0.042 0.062 0.048 0.045 0.085 0.142 0.130 0.168 0.179 0.168 0.172 0.160 0.153 0.157 0.142 0.141 0.177
0.114 0.105 0.088 0.078 0.097 0.079 0.105 0.109 0.106 0.078 0.104 0.145 0.109 0.122 0.139 0.139 0.149 0.143 0.142 0.134 0.113 0.081 0.053 0.043 0.041 0.045 0.077 0.142 0.143 0.170 0.172 0.165 0.162 0.137 0.129 0.140 0.162 0.178 0.160 0.136 0.117 0.096 0.137 0.149 0.142 0.141 0.114 0.115 0.092 0.086 0.068 0.048 0.039 0.039 0.038 0.039 0.039 0.057 0.083 0.050 0.062 0.102 0.128 0.163 0.164 0.143 0.134 0.122 0.116 0.121 0.129 0.140 0.145
0.116 0.109 0.093 0.088 0.081 0.074 0.114 0.129 0.139 0.082 0.120 0.123 0.130 0.147 0.125 0.134 0.129 0.142 0.113 0.097 0.075 0.073 0.073 0.049 0.041 0.038 0.045 0.097 0.142 0.171 0.169 0.180 0.176 0.169 0.166 0.166 0.174 0.186 0.171 0.158 0.132 0.109 0.149 0.154 0.133 0.137 0.137 0.129 0.109 0.068 0.084 0.065 0.044 0.039 0.039 0.039 0.039 0.039 0.039 0.063 0.058 0.069 0.100 0.138 0.153 0.150 0.153 0.135 0.120 0.095 0.114 0.115 0.128
0.109 0.101 0.089 0.091 0.108 0.076 0.118 0.146 0.124 0.103 0.118 0.122 0.140 0.126 0.096 0.096 0.090 0.100 0.077 0.067 0.068 0.084 0.086 0.102 0.065 0.043 0.039 0.075 0.127 0.166 0.177 0.171 0.173 0.155 0.169 0.179 0.181 0.179 0.182 0.160 0.126 0.127 0.160 0.171 0.143 0.151 0.145 0.137 0.093 0.079 0.116 0.079 0.058 0.050 0.040 0.039 0.039 0.039 0.040 0.045 0.052 0.057 0.092 0.105 0.144 0.161 0.164 0.150 0.128 0.098 0.101 0.129 0.140
0.111 0.097 0.102 0.114 0.127 0.083 0.104 0.139 0.119 0.132 0.145 0.110 0.097 0.087 0.070 0.068 0.067 0.067 0.072 0.089 0.111 0.144 0.133 0.067 0.082 0.054 0.040 0.072 0.126 0.153 0.169 0.162 0.135 0.157 0.159 0.137 0.173 0.178 0.183 0.177 0.150 0.165 0.176 0.175 0.162 0.161 0.138 0.103 0.074 0.113 0.125 0.103 0.087 0.067 0.064 0.059 0.040 0.039 0.040 0.041 0.045 0.048 0.071 0.102 0.127 0.152 0.149 0.147 0.123 0.093 0.104 0.122 0.142
0.112 0.109 0.122 0.114 0.110 0.089 0.116 0.149 0.131 0.148 0.119 0.102 0.120 0.117 0.080 0.149 0.134 0.130 0.125 0.070 0.162 0.163 0.163 0.124 0.076 0.055 0.040 0.077 0.127 0.127 0.144 0.138 0.120 0.120 0.128 0.144 0.159 0.149 0.174 0.180 0.177 0.177 0.181 0.160 0.146 0.139 0.127 0.079 0.101 0.139 0.145 0.113 0.111 0.103 0.095 0.091 0.076 0.061 0.040 0.040 0.040 0.046 0.053 0.081 0.103 0.136 0.141 0.125 0.104 0.075 0.080 0.110 0.140
0.113 0.118 0.138 0.119 0.126 0.125 0.143 0.142 0.144 0.134 0.119 0.141 0.151 0.137 0.090 0.131 0.131 0.158 0.168 0.201 0.182 0.174 0.148 0.115 0.065 0.051 0.048 0.073 0.063 0.080 0.118 0.133 0.095 0.132 0.141 0.164 0.162 0.125 0.166 0.169 0.188 0.168 0.179 0.141 0.144 0.125 0.091 0.087 0.109 0.140 0.145 0.138 0.101 0.131 0.123 0.113 0.089 0.065 0.055 0.041 0.040 0.040 0.044 0.054 0.079 0.106 0.104 0.101 0.087 0.063 0.099 0.097 0.107
0.092 0.113 0.122 0.135 0.145 0.131 0.136 0.122 0.126 0.127 0.129 0.160 0.166 0.161 0.142 0.097 0.111 0.179 0.203 0.174 0.191 0.141 0.120 0.100 0.056 0.043 0.045 0.066 0.082 0.069 0.064 0.088 0.084 0.135 0.156 0.156 0.149 0.130 0.160 0.161 0.136 0.151 0.153 0.129 0.099 0.087 0.080 0.135 0.112 0.162 0.171 0.150 0.136 0.150 0.150 0.135 0.095 0.054 0.075 0.060 0.042 0.041 0.041 0.047 0.052 0.095 0.083 0.078 0.068 0.057 0.066 0.074 0.082
0.089 0.100 0.115 0.085 0.077 0.077 0.090 0.105 0.105 0.122 0.143 0.166 0.171 0.174 0.156 0.140 0.134 0.169 0.178 0.194 0.163 0.115 0.128 0.071 0.045 0.055 0.087 0.087 0.135 0.114 0.078 0.062 0.081 0.121 0.154 0.163 0.150 0.118 0.151 0.149 0.130 0.146 0.129 0.098 0.115 0.126 0.105 0.127 0.157 0.191 0.171 0.185 0.166 0.153 0.148 0.135 0.087 0.066 0.110 0.095 0.067 0.041 0.041 0.042 0.043 0.054 0.050 0.050 0.047 0.048 0.049 0.050 0.058
0.049 0.070 0.056 0.057 0.068 0.101 0.111 0.115 0.123 0.129 0.141 0.165 0.175 0.175 0.166 0.143 0.171 0.178 0.162 0.166 0.144 0.112 0.085 0.047 0.049 0.082 0.102 0.084 0.132 0.138 0.122 0.102 0.064 0.111 0.131 0.147 0.131 0.121 0.149 0.152 0.132 0.102 0.104 0.124 0.142 0.145 0.143 0.117 0.156 0.189 0.199 0.178 0.168 0.142 0.122 0.107 0.082 0.069 0.124 0.101 0.086 0.057 0.041 0.042 0.043 0.045 0.090 0.055 0.076 0.071 0.094 0.080 0.054
