tests/2D_interpolations/2009-01-19T12.00_HNW_ref.asc
ncols               386
nrows               229
xllcorner    479497.492
yllcorner     73502.967
cellsize       1000.000
NODATA_value -999
[rows 99 to 131 of 229, columns 146 to 218 of 386]
2.293 2.170 2.094 2.153 2.072 2.030 1.722 2.030 2.136 2.061 2.183 2.005 2.028 1.880 1.878 2.114 2.181 2.417 2.175 2.340 2.559 2.385 2.348 2.193 2.063 1.942 1.724 2.052 1.973 1.610 1.623 1.349 1.535 1.751 1.035 0.795 0.788 1.253 1.843 2.387 2.280 2.470 2.896 2.883 2.137 2.716 2.858 2.861 2.862 2.847 2.846 2.857 2.852 2.848 2.843 2.839 2.834 2.830 2.825 2.490 2.162 1.995 2.807 2.802 2.182 1.083 0.897 1.435 1.387 1.272 1.439 1.385 1.816
2.246 2.375 2.067 2.284 2.074 2.065 2.015 1.975 2.184 2.148 2.227 2.027 1.961 1.989 2.115 2.146 2.086 2.123 2.337 2.550 2.396 2.249 2.339 2.369 2.323 2.016 1.953 1.616 1.708 1.274 0.933 1.162 1.046 1.080 0.959 1.153 0.970 1.502 2.305 2.884 2.908 2.904 2.894 2.888 2.873 2.867 2.854 2.761 2.706 2.625 2.355 2.498 2.690 2.832 2.845 2.841 2.694 2.327 2.158 2.072 2.048 2.235 2.808 2.804 2.185 1.144 0.730 0.964 0.904 0.930 1.213 1.024 1.243
2.325 2.173 2.360 2.110 2.210 2.157 2.101 2.062 2.258 2.311 2.234 2.060 2.058 2.047 2.042 1.993 2.185 2.385 2.537 2.469 2.180 2.074 1.893 1.980 2.066 1.994 2.112 1.868 1.141 1.178 1.392 1.589 1.617 1.780 1.437 1.547 1.498 2.259 2.917 2.916 2.912 2.497 2.795 2.792 2.795 2.859 2.849 2.627 2.367 2.133 1.459 2.259 2.409 2.218 2.241 2.244 2.322 2.146 2.067 1.778 1.912 2.155 2.809 2.805 2.760 2.122 1.592 1.423 1.118 1.153 0.957 0.830 1.371
2.445 2.361 2.341 2.254 2.355 2.094 2.237 2.207 2.254 2.072 1.935 1.861 1.939 2.067 2.150 2.226 2.325 2.470 2.524 2.296 1.998 1.948 1.786 2.067 1.902 1.779 1.980 1.990 1.375 1.167 1.318 1.511 1.560 1.807 2.221 2.215 2.523 2.782 2.909 2.916 2.417 2.756 2.703 2.450 2.503 2.557 2.839 2.687 2.155 1.256 1.478 1.813 1.966 1.672 1.616 1.548 1.935 1.334 1.129 0.677 1.627 2.406 2.810 2.806 2.746 1.942 1.750 1.917 1.786 1.523 1.431 1.064 0.713
2.543 2.491 2.375 2.448 2.284 2.058 2.367 2.227 2.336 1.999 2.038 1.946 2.011 2.192 2.227 2.350 2.435 2.517 2.479 2.016 1.727 1.492 1.934 1.893 1.789 1.315 1.146 1.999 1.645 1.338 1.145 1.243 1.382 1.662 2.130 2.577 2.736 2.871 2.910 2.607 2.744 2.780 2.262 1.622 1.661 1.555 2.496 2.810 2.028 1.509 1.287 1.424 1.603 1.145 1.231 1.528 1.992 1.464 1.146 1.267 2.254 2.816 2.812 2.807 2.287 1.346 1.032 1.245 1.112 0.866 0.788 0.509 0.277
2.360 2.409 2.513 2.456 2.313 2.112 2.344 2.181 2.112 2.081 1.813 1.870 2.177 2.234 2.370 2.463 2.454 2.269 2.451 1.824 1.530 1.738 1.820 1.848 1.567 1.563 1.876 1.728 1.261 1.297 1.542 1.610 1.805 2.062 2.250 2.469 2.761 2.841 2.905 2.686 2.708 2.576 1.467 1.007 1.592 1.878 2.580 2.783 2.509 1.992 1.187 1.000 1.572 1.259 0.980 1.575 1.539 1.297 0.579 0.610 2.235 2.683 2.813 2.808 2.140 1.589 0.582 0.472 0.641 0.537 0.381 0.458 0.035
2.236 2.183 2.397 2.506 2.496 2.479 2.204 2.412 2.034 2.130 2.044 1.989 2.282 2.384 2.393 2.187 2.074 2.202 2.431 1.920 1.628 1.668 1.565 1.162 1.657 1.548 1.733 1.032 1.417 1.710 1.609 1.637 1.589 1.373 1.825 2.487 2.762 2.884 2.766 2.701 2.617 2.399 1.904 1.484 1.878 2.145 2.513 2.795 2.050 1.842 1.759 1.333 1.060 0.851 0.367 0.808 0.626 1.081 1.587 1.682 1.526 1.944 2.807 2.809 2.804 2.114 1.953 1.275 0.400 0.318 0.310 0.150 0.379
2.242 1.988 2.159 2.316 2.382 2.222 2.481 2.458 2.029 1.919 2.023 2.195 2.347 2.311 2.244 1.978 1.689 1.746 2.354 1.737 1.780 1.345 0.932 1.420 1.031 1.437 1.538 1.318 1.577 1.313 1.172 1.293 1.332 1.675 2.252 2.575 2.903 2.818 2.716 2.741 2.489 2.109 1.765 1.522 1.761 1.645 1.991 2.780 1.926 1.241 1.215 1.035 0.681 0.493 0.495 0.923 1.440 1.996 2.066 2.086 2.306 2.025 2.815 2.810 2.805 2.248 1.567 1.247 0.892 0.869 0.707 0.672 0.308
2.291 2.109 2.026 2.132 2.331 2.190 2.050 2.190 2.452 2.370 2.216 2.326 2.333 2.210 1.942 1.229 1.560 2.056 2.357 2.037 1.622 0.992 1.162 0.988 1.127 1.421 1.257 1.523 1.433 1.213 1.508 1.635 1.654 2.023 2.350 2.719 2.912 2.817 2.755 2.640 2.413 1.739 1.406 1.532 1.330 1.445 2.272 2.773 1.764 1.094 0.867 0.595 0.170 0.821 1.076 1.193 1.706 1.700 1.311 1.780 1.182 1.899 2.816 2.811 2.806 2.175 1.284 0.896 0.784 1.062 0.990 0.936 0.659
2.491 2.396 2.109 2.067 2.182 1.926 1.899 2.187 2.390 2.246 2.431 2.233 2.220 2.009 1.513 1.217 1.771 2.110 2.327 2.005 1.179 1.324 0.694 0.935 0.915 1.396 1.439 1.345 1.142 1.562 1.772 1.956 2.127 2.273 2.540 2.891 2.909 2.775 2.650 2.489 2.191 1.645 0.979 1.240 1.488 1.959 2.767 2.328 2.352 1.924 1.478 0.804 0.622 0.548 1.006 1.042 1.440 1.292 0.905 1.758 1.150 1.644 2.606 2.812 2.801 2.764 2.019 1.235 1.439 1.802 1.588 1.231 1.089
2.397 2.311 1.972 1.904 1.949 1.816 1.871 1.929 2.096 2.261 2.430 2.199 2.080 1.724 1.217 1.358 1.497 1.878 2.288 1.923 1.342 1.500 0.959 1.139 1.057 1.393 1.698 1.724 1.555 1.783 1.974 2.147 2.370 2.470 2.800 2.930 2.861 2.740 2.541 2.383 2.047 1.404 0.824 1.154 1.427 2.240 2.644 2.066 1.937 2.162 1.740 1.285 1.057 0.465 0.455 0.760 1.661 1.147 1.000 1.665 0.901 0.641 1.961 2.779 2.799 2.786 2.755 2.180 2.331 2.332 2.272 2.020 1.692
2.303 2.471 2.381 2.137 2.089 1.979 1.832 2.101 2.078 2.330 2.410 2.239 1.712 1.376 1.507 1.620 1.874 2.133 2.329 1.855 1.404 1.682 1.512 1.353 1.138 1.317 1.232 1.507 2.002 2.123 2.287 2.482 2.485 2.818 2.943 2.937 2.731 2.640 2.448 2.160 1.499 0.937 0.642 1.107 1.657 2.559 2.534 2.172 1.635 1.765 1.122 0.623 0.202 0.474 0.853 1.280 1.424 0.697 0.657 1.072 0.000 0.383 1.632 2.178 2.785 2.779 2.735 2.683 2.447 2.281 1.606 2.027 2.199
2.223 2.452 2.430 2.320 1.980 1.980 1.695 1.980 2.221 2.271 2.391 2.331 1.880 1.845 1.895 1.663 1.696 1.795 2.266 2.148 2.109 1.775 1.434 1.285 1.167 1.363 1.364 1.653 2.085 2.311 2.671 2.769 2.946 2.957 2.951 2.910 2.685 2.482 2.328 1.640 1.190 1.275 0.767 1.061 2.097 2.712 2.324 1.558 0.834 0.819 1.016 0.880 0.255 0.201 0.159 0.119 0.992 0.109 0.000 0.062 0.537 1.351 1.794 1.326 2.534 2.779 2.758 2.596 1.790 1.593 1.822 0.986 1.538
2.408 2.300 2.342 2.151 1.990 2.012 1.973 1.863 2.061 2.289 2.210 1.725 1.798 1.739 1.778 1.714 1.347 1.442 2.269 2.067 1.603 1.693 1.205 1.405 1.559 1.416 1.690 1.945 2.210 2.639 2.875 2.939 2.972 2.966 2.887 2.731 2.485 1.828 2.127 2.346 2.034 1.536 0.613 1.506 2.160 2.687 1.727 1.108 0.113 0.000 0.000 0.100 0.000 0.000 0.000 0.000 0.160 0.000 0.000 0.000 1.084 1.396 0.949 1.494 2.359 2.766 2.769 2.379 2.055 1.567 1.464 0.743 1.185
2.166 2.163 2.348 2.308 2.118 1.850 1.928 1.871 1.968 2.333 2.223 1.443 1.517 1.737 1.499 1.154 1.142 1.680 2.254 1.881 1.198 1.560 1.378 1.279 1.681 1.712 2.010 2.279 2.609 2.872 2.960 2.978 2.982 2.876 2.552 2.358 1.807 1.588 1.359 1.963 2.190 1.562 1.066 1.616 1.984 2.638 1.954 1.094 0.609 0.466 0.489 0.541 0.161 0.107 0.000 0.000 0.000 0.000 0.000 0.000 0.967 0.806 1.089 1.261 1.894 2.768 2.765 1.799 1.337 1.507 1.352 0.603 0.278
2.006 2.052 2.331 2.081 2.196 2.080 1.770 1.725 2.238 2.072 1.706 1.749 1.592 1.482 1.240 0.938 1.525 1.833 2.126 1.586 1.056 1.353 1.167 1.418 1.693 2.043 2.214 2.201 2.696 2.895 2.960 2.981 2.882 2.432 2.054 1.863 1.397 0.809 1.600 2.391 2.031 1.405 0.822 1.082 0.871 2.519 2.005 1.458 0.993 0.942 1.582 0.721 0.347 0.030 0.000 0.000 0.536 0.236 0.000 0.380 0.884 1.288 1.318 1.658 2.073 2.561 2.761 1.362 0.449 0.385 0.409 0.439 0.000
1.904 1.985 2.170 2.363 2.097 1.948 1.992 2.171 2.097 1.675 1.609 1.752 1.561 1.307 0.754 1.248 1.643 1.831 2.110 1.687 1.212 0.982 1.342 1.642 1.870 1.760 1.849 2.256 2.742 2.947 2.976 2.945 2.348 1.936 1.244 1.277 0.854 1.134 1.737 2.217 1.637 0.934 0.422 0.409 0.980 2.250 1.901 1.615 1.358 1.495 1.711 0.849 0.230 0.000 0.000 0.608 0.828 0.588 0.404 0.051 0.859 0.530 0.397 0.699 1.342 2.311 2.748 2.217 1.080 0.293 0.231 0.053 0.321
2.018 1.911 1.915 2.071 2.266 2.194 2.303 2.260 1.834 1.922 1.896 1.738 1.574 0.926 0.966 1.458 1.678 1.947 1.872 2.073 1.909 1.465 1.225 1.434 1.587 1.663 1.803 2.021 2.499 2.545 2.986 2.672 1.745 2.415 1.433 0.803 0.763 1.554 1.688 2.080 1.414 0.511 0.715 1.129 1.448 1.722 2.106 2.045 2.052 2.023 1.348 0.505 0.435 0.000 0.000 0.488 0.895 0.342 0.000 0.000 0.000 0.083 1.075 1.289 1.840 2.358 2.741 2.520 1.720 1.053 0.000 0.124 0.100
2.020 2.025 1.848 1.921 2.115 2.198 2.202 2.279 2.257 2.248 2.221 2.144 1.742 0.832 0.969 1.546 1.772 1.698 1.665 1.753 1.951 1.902 1.587 1.531 1.323 1.101 1.306 1.803 1.841 2.356 2.705 1.966 1.080 2.033 1.729 1.159 0.920 0.987 1.928 1.997 1.255 0.467 0.000 0.835 1.440 1.698 1.800 1.741 1.722 2.037 1.961 1.260 0.921 0.025 0.434 1.103 0.461 0.000 0.000 0.621 0.837 1.207 1.709 1.926 1.690 1.590 2.116 2.726 2.371 1.820 1.308 0.403 0.118
1.866 1.720 1.570 1.702 1.575 1.744 1.950 1.916 2.008 2.088 2.135 2.273 2.115 1.650 1.707 1.907 1.756 1.676 1.458 1.563 1.721 1.816 1.863 1.599 1.323 0.770 1.428 1.515 1.874 2.735 2.616 1.808 1.279 1.963 1.995 1.016 1.046 1.467 2.049 1.783 1.240 0.810 0.415 0.000 0.736 1.389 0.904 1.679 1.544 1.455 1.691 1.944 1.180 0.723 1.017 1.298 0.000 0.000 0.120 0.860 0.645 0.581 0.597 0.995 0.491 1.089 1.736 2.607 2.612 1.850 0.713 0.000 0.000
1.696 1.838 1.547 1.676 1.782 1.898 1.734 1.680 1.674 1.602 1.809 1.699 1.723 1.963 1.968 1.878 1.559 1.714 1.466 1.358 1.165 1.181 1.299 1.050 0.967 0.780 1.108 1.483 2.128 2.751 2.413 1.702 0.983 1.941 1.251 1.135 0.747 1.519 1.622 1.697 0.979 0.549 0.043 0.000 0.000 0.995 1.033 0.874 0.864 0.427 0.996 1.099 1.783 1.710 1.558 1.000 0.100 0.000 0.000 0.000 0.287 0.223 0.058 0.000 0.000 0.541 1.518 2.267 2.665 1.901 0.846 0.000 0.000
2.054 2.042 2.110 2.056 1.967 1.812 1.553 1.109 0.865 0.799 0.939 1.185 1.647 2.082 1.913 1.504 1.476 1.385 0.807 0.792 0.440 0.734 0.681 0.848 0.737 1.163 1.333 1.949 2.726 2.746 2.420 1.774 1.216 1.701 0.825 0.881 0.572 1.312 1.091 1.007 0.624 0.436 0.488 0.498 0.237 0.000 0.336 0.626 0.444 0.000 0.000 0.843 0.972 1.163 0.220 0.000 0.000 0.000 0.000 0.000 0.000 0.000 0.000 0.323 0.820 0.404 0.711 1.590 2.664 2.017 1.003 0.604 0.837
1.855 1.917 1.689 1.889 2.006 1.811 0.849 0.902 0.861 0.994 1.020 1.456 1.823 1.969 1.576 1.367 0.963 1.073 1.369 1.416 1.258 1.373 1.659 1.549 1.318 1.241 1.796 2.558 2.721 2.647 1.935 1.284 1.331 1.608 0.999 0.502 1.005 0.902 0.704 0.545 0.657 0.707 0.876 0.885 0.821 0.665 0.401 0.050 0.060 0.000 0.000 0.234 0.029 0.090 0.000 0.000 0.000 0.000 0.000 0.014 0.000 0.000 0.000 0.000 0.678 1.155 1.378 1.985 2.610 2.208 1.678 1.510 1.516
1.760 1.599 1.516 1.784 1.500 1.810 1.194 1.324 1.272 1.285 1.580 1.590 1.577 1.836 1.248 0.931 1.233 1.716 1.783 2.048 2.202 2.068 2.241 2.120 1.884 1.408 1.619 1.997 2.487 2.413 1.701 0.996 0.878 0.847 1.245 0.389 0.737 0.666 0.869 0.776 0.599 0.913 1.211 0.755 0.588 0.239 0.000 0.000 0.000 0.000 0.000 0.000 0.000 0.000 0.000 0.103 0.051 0.000 0.000 0.060 0.299 0.000 0.093 0.685 0.825 1.317 1.833 2.344 2.460 1.782 1.747 2.082 1.745
1.651 1.532 1.255 1.417 1.018 1.350 1.338 1.655 1.152 1.335 1.453 1.646 1.795 1.488 1.009 1.674 2.119 2.674 2.755 2.888 2.702 2.868 2.727 2.706 2.667 2.196 1.905 2.201 2.444 1.947 1.760 1.667 1.455 1.174 0.878 0.717 0.687 0.104 0.676 0.518 0.949 1.558 0.762 0.428 0.000 0.000 0.000 0.654 0.915 0.598 0.000 0.000 0.167 0.000 0.182 0.572 0.458 0.000 0.000 0.000 0.845 0.512 0.134 0.563 0.738 1.483 2.431 2.260 1.583 0.890 0.784 1.781 1.017
1.637 1.150 1.149 0.877 0.979 1.263 1.668 1.455 1.033 1.339 1.479 1.419 1.417 1.128 1.767 2.433 2.986 3.037 3.052 3.065 3.076 3.035 2.955 2.961 2.882 2.856 2.322 2.590 2.376 2.441 2.318 2.085 1.815 1.576 1.259 1.249 0.902 0.575 0.580 0.992 1.754 0.987 0.193 0.217 0.860 0.804 1.183 1.232 0.599 0.010 0.000 0.000 0.286 0.622 0.468 0.253 0.824 0.342 0.054 0.000 0.345 0.712 0.997 0.272 1.246 1.833 2.475 1.592 0.949 0.000 0.199 1.233 1.047
1.366 1.038 1.166 0.932 1.316 1.485 1.973 1.603 1.465 1.311 1.384 0.999 1.312 1.902 2.709 3.019 3.039 3.059 3.077 3.092 3.104 3.112 3.108 3.104 3.094 3.087 3.072 3.058 3.038 3.009 2.559 2.340 2.152 1.895 1.596 0.933 0.769 0.513 1.246 1.871 1.186 0.518 1.052 1.469 1.771 1.658 1.500 1.070 0.496 0.000 0.000 0.000 0.537 0.641 0.761 1.027 1.217 0.910 0.849 0.465 0.211 0.050 0.981 0.994 1.359 2.068 1.973 1.156 0.023 0.000 0.118 0.787 1.101
1.003 1.608 0.875 0.970 1.108 1.289 1.840 1.959 1.634 1.660 1.431 0.941 1.989 2.721 3.012 3.036 3.059 3.082 3.102 2.840 2.628 2.337 2.862 2.881 2.868 2.918 2.908 2.674 3.052 3.032 3.007 2.905 2.532 2.237 1.772 1.262 0.597 1.132 1.924 1.254 1.272 1.492 1.497 1.916 1.383 1.224 1.273 1.267 0.872 0.860 0.683 0.154 0.714 0.000 0.000 0.274 0.488 1.151 1.433 1.255 1.041 0.383 0.347 1.335 1.937 2.156 1.022 1.254 0.318 0.000 0.000 0.394 0.914
1.634 1.311 0.831 1.053 1.595 1.655 1.995 2.075 1.997 1.477 1.221 1.998 2.743 3.001 3.026 3.053 3.079 2.826 2.355 2.325 1.891 1.878 1.779 1.639 1.680 2.056 2.063 1.976 2.152 2.858 3.011 2.988 2.957 2.676 2.205 1.580 1.569 1.849 1.840 2.041 2.246 2.111 1.874 1.161 0.663 0.342 0.354 0.433 0.419 0.473 0.603 0.000 0.194 0.000 0.000 0.000 0.000 0.000 0.431 1.292 1.647 1.484 0.770 1.407 2.286 1.130 0.517 0.770 0.245 0.000 0.000 0.127 0.333
1.469 0.840 1.094 1.497 1.457 1.995 2.430 1.912 1.373 1.934 2.295 2.784 2.985 3.011 3.040 3.069 2.646 2.137 1.788 2.320 1.549 1.475 1.571 0.772 1.581 1.564 1.275 1.455 1.308 1.761 2.407 2.741 2.888 2.795 2.694 2.274 2.336 2.493 2.399 2.121 1.907 1.780 1.876 0.594 0.000 0.000 0.000 0.000 0.029 0.476 0.197 0.000 0.000 0.000 0.000 0.000 0.000 0.000 0.577 0.450 0.597 1.308 1.885 2.005 1.775 0.749 0.471 0.930 0.000 0.000 0.000 0.000 0.000
0.895 1.106 1.418 1.582 1.854 2.585 2.003 1.596 2.338 2.712 2.903 2.964 2.992 3.021 2.957 2.546 1.708 1.580 1.480 2.037 1.244 0.785 1.258 1.020 1.106 0.675 1.185 1.159 1.085 1.566 1.888 1.886 2.323 2.663 2.901 2.838 2.323 1.970 1.513 1.197 0.948 0.702 1.298 1.210 0.498 0.026 0.000 0.000 0.000 0.000 0.000 0.000 0.000 0.000 0.000 0.000 0.000 0.000 0.000 0.000 0.000 0.440 1.446 2.066 1.404 0.349 0.145 0.846 0.318 0.000 0.000 0.000 0.000
1.306 1.733 2.070 1.783 2.373 2.444 1.836 2.447 2.809 2.914 2.940 2.968 2.997 2.662 2.273 1.873 0.791 1.124 1.381 1.784 1.228 0.521 0.695 0.004 0.388 0.623 0.643 0.656 1.078 1.390 2.099 1.548 1.720 1.438 2.487 2.850 1.965 0.778 0.511 0.210 0.151 0.049 0.602 1.095 1.142 0.667 0.000 0.000 0.000 0.000 0.000 0.000 0.000 0.000 0.193 0.000 0.000 0.000 0.000 0.000 0.446 1.126 1.669 1.683 0.614 0.000 0.000 0.503 0.000 0.000 0.000 0.000 0.000
1.877 2.329 2.190 2.087 2.749 2.763 2.826 2.857 2.878 2.914 2.941 2.901 2.481 1.833 1.332 1.341 0.716 1.025 1.329 1.403 1.182 0.680 0.445 0.360 0.637 1.132 1.158 1.136 1.498 1.991 1.621 0.981 1.189 2.329 2.458 2.441 2.411 1.242 0.448 0.555 0.320 0.000 0.000 0.350 0.979 0.847 0.000 0.000 0.000 0.000 0.000 0.000 0.000 0.000 0.109 0.561 0.000 0.000 0.000 0.038 0.111 0.637 1.699 1.514 0.613 0.000 0.000 0.249 0.000 0.000 0.000 0.246 0.000
