tests/2D_interpolations/2009-01-19T12.00_TA_ref.asc
ncols               386
nrows               229
xllcorner    479497.492
yllcorner     73502.967
cellsize       1000.000
NODATA_value -999
[rows 174 to 202 of 229, columns 66 to 131 of 386]
-999.000 -999.000 -999.000 -999.000 -999.000 -999.000 -999.000 -999.000 276.840 278.296 279.656 284.086 285.666 289.637 289.707 289.690 289.692 289.672 289.590 288.546 287.166 285.168 280.372 280.243 280.992 280.018 278.433 279.687 278.293 276.482 275.768 272.563 267.562 266.682 263.872 261.824 265.991 274.072 271.540 271.037 271.127 271.782 269.803 273.149 277.696 278.194 276.991 269.898 270.578 276.279 273.876 276.570 279.449 282.040 283.817 279.899 279.012 279.396 280.988 283.804 284.985 286.307 287.646 288.118 288.265 288.207
-999.000 -999.000 -999.000 -999.000 -999.000 -999.000 -999.000 -999.000 -999.000 -999.000 276.826 280.879 281.225 288.500 289.676 289.691 289.690 289.684 289.638 289.551 289.067 285.567 282.386 283.097 282.752 280.402 280.484 278.391 276.469 274.188 273.382 277.405 276.172 273.476 271.906 271.363 274.182 275.769 277.890 278.700 276.112 271.075 270.668 272.702 275.347 279.236 279.040 270.544 273.948 277.975 275.817 279.027 280.816 283.764 282.491 280.248 279.910 280.748 281.896 284.635 287.291 288.019 288.143 288.391 288.246 287.981
-999.000 -999.000 -999.000 -999.000 -999.000 -999.000 -999.000 -999.000 -999.000 -999.000 275.256 279.284 279.938 286.763 289.634 289.654 289.639 289.641 289.616 289.554 289.379 286.942 284.689 285.896 283.785 282.268 280.827 280.573 279.649 279.435 279.949 278.456 273.086 273.835 272.749 273.363 276.099 278.499 279.977 277.374 270.340 269.728 272.503 273.793 277.209 279.662 280.507 274.191 275.858 280.290 279.435 281.222 282.833 285.073 284.000 281.442 282.072 283.317 284.268 286.928 288.319 288.486 288.198 287.892 283.628 281.890
-999.000 -999.000 -999.000 -999.000 -999.000 -999.000 -999.000 -999.000 -999.000 -999.000 276.616 278.798 278.242 283.935 288.281 289.491 289.642 289.640 289.632 289.484 289.251 288.494 287.996 284.811 282.385 281.437 283.718 281.677 279.204 277.681 275.090 270.538 272.707 273.084 271.939 271.088 275.415 277.898 279.959 278.160 272.073 270.615 273.427 277.162 280.929 282.009 279.218 277.657 280.543 282.647 281.461 282.894 284.592 286.058 282.206 283.588 285.943 286.182 287.575 288.530 288.532 288.516 287.683 283.571 278.805 274.897
-999.000 -999.000 -999.000 -999.000 -999.000 -999.000 -999.000 -999.000 -999.000 -999.000 276.835 277.254 275.792 279.933 285.351 286.493 289.561 289.604 289.589 289.401 289.190 288.681 288.244 287.778 285.519 286.047 282.089 277.507 276.323 275.574 273.169 275.674 272.410 270.595 268.848 271.535 275.849 271.624 277.752 281.922 273.833 272.683 275.964 279.568 281.723 285.120 278.814 280.780 282.728 283.982 283.720 284.743 286.815 285.738 284.234 286.753 288.497 288.608 288.592 288.528 288.307 284.421 284.564 284.665 280.541 280.630
-999.000 -999.000 -999.000 -999.000 -999.000 -999.000 -999.000 -999.000 -999.000 275.701 275.267 274.074 275.558 278.468 282.154 286.364 289.430 289.520 289.555 289.542 289.377 287.903 287.274 287.356 283.464 282.581 284.020 282.595 281.534 277.189 277.734 273.344 267.008 266.136 271.109 274.383 272.158 269.451 278.087 282.296 274.847 274.613 279.380 282.301 284.176 282.590 282.827 283.144 284.633 285.631 285.093 285.875 288.473 287.613 288.516 288.663 288.521 288.609 287.658 287.065 284.852 280.563 281.317 285.357 283.251 279.674
-999.000 -999.000 -999.000 -999.000 -999.000 -999.000 -999.000 -999.000 277.768 277.707 276.617 277.389 277.110 277.929 282.942 286.552 288.815 289.434 289.542 289.525 289.478 289.332 289.079 286.270 280.791 279.519 279.591 279.788 278.223 278.084 274.436 270.149 266.826 269.172 271.354 270.993 267.517 272.241 277.053 281.968 279.844 278.524 280.525 283.612 287.087 284.980 285.046 285.543 286.023 285.982 287.368 288.683 288.679 288.669 288.681 288.217 287.512 285.537 284.432 281.933 280.400 278.652 280.820 280.353 285.802 278.754
-999.000 -999.000 -999.000 -999.000 -999.000 -999.000 -999.000 276.759 277.670 280.165 280.526 279.868 281.081 280.011 284.231 287.224 286.609 287.717 287.011 289.540 289.508 289.096 288.520 286.859 280.992 277.613 276.890 274.357 278.661 273.146 267.541 267.979 268.793 269.203 268.161 265.161 266.212 268.607 274.993 280.843 283.442 282.439 284.192 285.663 287.519 285.691 286.454 286.161 288.022 288.637 288.699 288.687 288.687 288.045 284.609 284.386 282.817 281.551 279.556 280.501 275.983 274.940 278.957 277.153 283.521 281.318
-999.000 -999.000 -999.000 -999.000 -999.000 -999.000 -999.000 276.358 279.722 276.896 276.732 276.880 279.018 283.241 286.494 284.784 283.020 283.849 282.961 288.266 289.264 288.138 287.752 285.483 277.732 276.413 273.611 273.918 278.679 271.641 269.025 269.395 271.513 273.001 271.987 274.670 271.060 270.625 277.835 281.895 284.171 285.277 287.346 287.932 288.495 288.452 286.417 288.607 288.551 288.730 288.659 288.575 287.564 281.790 281.032 280.572 279.156 276.220 276.518 280.648 274.760 271.297 273.630 277.960 281.970 280.903
-999.000 -999.000 -999.000 -999.000 -999.000 -999.000 -999.000 277.635 277.461 275.128 277.334 279.300 282.033 285.881 283.655 282.048 278.303 280.352 282.600 285.844 286.885 289.363 288.464 280.708 276.595 274.377 269.083 274.837 277.211 270.444 269.035 271.417 270.065 276.143 277.771 280.206 282.082 281.053 278.231 284.517 285.355 288.738 288.790 288.731 288.654 288.582 288.756 288.779 288.732 288.642 287.449 285.434 286.725 281.453 277.685 276.744 276.956 272.982 272.324 276.813 275.446 270.647 271.298 275.098 279.734 282.097
-999.000 -999.000 -999.000 -999.000 -999.000 -999.000 275.748 277.508 275.774 276.151 278.319 278.948 282.834 284.762 282.382 277.617 276.389 276.797 282.030 285.068 289.155 289.424 286.177 280.577 278.894 271.808 268.100 272.442 269.067 268.523 270.087 275.193 273.884 276.269 280.621 283.613 284.664 284.772 280.729 284.789 288.622 288.713 288.805 288.795 288.792 288.781 288.791 287.684 285.672 284.368 283.351 284.390 287.612 281.307 278.187 275.114 272.899 271.091 270.591 274.670 273.034 267.769 270.006 274.274 277.784 281.928
-999.000 -999.000 -999.000 -999.000 -999.000 -999.000 274.591 275.282 273.806 275.727 277.692 281.275 284.615 282.228 279.588 276.588 275.186 277.721 281.534 284.052 289.124 289.344 287.387 281.238 275.686 270.106 268.354 269.705 269.210 269.749 270.827 274.079 278.292 280.088 280.177 281.990 283.366 286.754 287.360 288.361 288.780 288.783 288.792 288.789 288.792 287.155 285.340 283.557 281.977 280.734 280.620 282.986 286.692 282.108 278.198 275.284 272.362 270.015 268.016 269.723 271.032 266.561 269.555 271.271 275.164 280.297
-999.000 -999.000 -999.000 -999.000 -999.000 -999.000 272.422 273.746 274.174 275.545 278.158 282.141 284.723 280.249 280.047 274.094 274.654 280.187 279.487 278.492 285.698 288.817 288.997 283.076 279.176 273.134 266.758 267.261 268.783 271.261 271.787 273.145 276.155 280.701 281.439 284.094 283.382 287.630 287.982 288.505 288.816 288.792 287.538 285.240 283.933 285.577 281.254 279.562 278.294 277.432 277.838 281.293 286.871 281.861 279.186 277.620 276.402 271.638 267.345 269.349 269.539 267.786 266.535 269.643 274.645 278.822
-999.000 -999.000 -999.000 -999.000 -999.000 -999.000 272.450 276.148 278.047 278.844 280.100 283.133 282.524 276.676 274.428 275.708 271.588 275.981 272.943 278.084 281.752 287.760 288.619 286.958 281.026 277.643 272.239 269.558 269.241 268.488 271.693 274.269 274.996 279.373 284.448 286.822 288.649 288.511 288.561 288.801 288.762 285.283 281.812 280.760 282.810 284.363 281.395 277.072 274.165 273.634 275.790 279.942 285.551 283.275 279.743 276.854 273.511 270.612 267.115 269.345 267.431 266.993 269.244 270.206 273.620 277.786
-999.000 -999.000 -999.000 -999.000 -999.000 272.537 275.568 275.948 274.348 278.851 282.949 283.083 278.166 277.433 272.249 269.149 266.047 271.432 274.624 281.148 283.830 284.789 288.888 288.094 281.574 274.214 272.790 271.096 270.252 266.852 273.001 277.212 274.261 280.948 285.909 288.770 288.853 288.831 288.777 287.910 282.794 280.546 278.916 278.849 278.850 282.812 279.343 279.224 273.724 272.754 275.443 279.751 284.376 285.388 279.573 275.717 271.861 268.711 266.130 267.588 265.566 266.672 267.826 271.072 276.266 277.874
-999.000 -999.000 -999.000 -999.000 -999.000 275.285 275.935 275.302 277.623 280.900 282.112 278.805 274.851 272.197 269.089 263.632 264.945 273.247 278.544 279.506 277.052 284.375 289.019 289.019 283.474 275.355 270.443 271.606 273.221 272.431 278.433 280.471 281.368 287.326 288.872 288.854 288.836 288.830 287.545 281.773 277.444 276.546 275.518 275.018 278.469 280.844 276.346 273.622 272.181 271.874 276.739 281.889 282.466 283.075 282.789 278.485 275.906 269.785 266.736 265.780 264.155 266.284 268.394 271.300 277.118 272.423
-999.000 -999.000 -999.000 -999.000 -999.000 277.698 278.911 278.766 279.309 281.596 282.181 275.952 270.547 269.265 263.283 266.416 269.222 270.541 272.997 275.215 275.401 280.388 287.493 289.011 285.157 278.554 273.709 270.527 277.952 280.305 283.536 285.801 287.628 288.874 288.860 288.850 288.860 286.998 281.270 283.323 277.772 276.362 271.668 271.303 276.662 278.578 273.021 271.137 269.432 272.355 278.992 281.794 278.370 280.500 283.003 281.234 275.839 271.962 268.932 266.025 265.797 266.148 267.002 271.572 274.538 268.148
-999.000 -999.000 -999.000 -999.000 -999.000 274.889 276.568 278.401 279.095 276.543 278.606 277.026 268.556 269.367 268.209 271.282 273.200 272.817 272.138 271.707 269.299 279.139 285.685 289.007 285.881 280.577 273.782 277.203 283.110 285.390 288.358 288.889 288.843 288.865 288.836 288.475 286.070 281.809 279.003 281.442 281.603 276.249 273.396 270.156 275.082 277.403 272.907 269.170 268.788 271.598 278.814 278.329 273.742 275.325 277.933 282.696 278.604 275.305 272.674 269.192 265.866 266.719 266.499 266.223 273.417 267.134
-999.000 -999.000 -999.000 -999.000 -999.000 272.261 275.822 274.516 273.015 269.679 272.683 274.702 272.280 270.619 266.399 271.603 274.101 274.102 273.726 278.630 279.464 280.453 284.678 288.978 288.817 282.716 277.240 281.807 286.035 288.514 288.905 288.852 288.797 287.460 286.667 285.167 281.672 278.644 276.984 278.548 276.974 277.611 273.231 268.944 273.365 275.472 271.098 268.203 268.806 270.904 277.719 277.409 271.781 270.632 272.342 277.912 281.761 276.026 270.110 267.137 263.920 264.129 264.845 266.681 271.732 268.261
-999.000 -999.000 -999.000 -999.000 -999.000 -999.000 -999.000 -999.000 -999.000 -999.000 273.032 272.617 270.989 267.083 262.496 269.828 273.924 271.926 269.553 269.573 272.816 276.781 283.729 287.678 288.969 287.435 282.472 286.996 288.769 288.908 288.914 288.911 288.115 283.267 283.103 278.948 276.759 273.350 273.576 275.999 273.791 273.134 272.512 270.141 273.573 274.369 269.460 265.846 268.463 272.583 277.102 275.850 272.411 267.890 270.673 274.802 278.663 278.625 272.995 270.919 266.429 263.488 266.452 267.738 270.864 268.139
-999.000 -999.000 -999.000 -999.000 -999.000 -999.000 -999.000 -999.000 -999.000 -999.000 -999.000 -999.000 -999.000 266.685 265.993 264.482 267.261 269.454 266.895 272.647 275.465 280.809 283.919 286.417 288.951 288.918 288.558 288.912 288.917 288.918 288.910 288.676 284.271 279.883 280.047 275.559 272.620 270.367 271.652 272.416 274.914 268.002 269.452 269.512 274.100 272.783 268.165 265.470 267.107 271.429 276.338 275.174 271.072 266.408 269.719 270.422 275.207 278.853 278.190 273.112 268.824 267.696 264.901 268.148 270.854 266.911
-999.000 -999.000 -999.000 -999.000 -999.000 -999.000 -999.000 -999.000 -999.000 -999.000 -999.000 -999.000 -999.000 269.711 269.328 268.686 273.582 273.874 273.115 273.666 279.327 282.967 287.295 280.978 287.998 288.900 288.883 288.906 288.911 288.915 288.118 283.424 278.175 275.978 273.996 271.514 271.939 272.897 274.135 271.071 271.805 270.209 268.380 271.268 271.898 272.632 267.714 265.496 264.221 268.486 273.116 276.439 269.346 263.998 267.946 271.393 275.415 276.130 279.795 276.023 272.888 269.896 265.460 267.100 269.494 266.928
-999.000 -999.000 -999.000 -999.000 -999.000 -999.000 -999.000 -999.000 -999.000 -999.000 -999.000 -999.000 267.224 273.557 269.081 269.733 271.042 271.007 272.075 279.723 282.034 286.485 279.679 277.248 282.019 286.004 288.821 288.859 288.898 286.936 282.680 278.274 276.485 278.107 280.247 275.055 275.210 277.095 277.224 273.697 270.560 267.804 267.775 270.353 269.093 271.484 269.164 265.265 262.250 268.261 271.998 276.437 271.455 266.632 267.744 271.889 268.637 273.434 277.831 279.413 275.521 271.264 266.982 263.198 266.691 269.814
-999.000 -999.000 -999.000 -999.000 -999.000 -999.000 -999.000 -999.000 -999.000 -999.000 -999.000 -999.000 268.072 274.037 272.930 269.222 268.932 272.135 273.870 278.762 285.203 279.404 276.380 279.928 284.608 288.640 288.726 286.391 283.299 280.067 278.226 276.725 279.445 281.290 283.069 278.868 280.254 279.008 278.188 275.079 271.321 267.351 265.090 268.324 265.422 266.462 268.536 266.694 264.451 267.444 270.502 275.471 272.075 266.265 268.716 270.332 265.469 268.938 273.313 279.503 276.795 272.246 268.493 266.438 264.091 268.068
-999.000 -999.000 -999.000 -999.000 -999.000 -999.000 -999.000 -999.000 -999.000 -999.000 -999.000 -999.000 268.872 274.035 272.695 268.029 273.176 275.135 278.782 280.116 282.497 274.768 277.780 282.498 287.616 286.653 283.256 283.244 281.692 280.682 282.876 279.386 282.735 285.149 284.727 285.216 284.543 282.300 278.390 274.388 270.303 269.350 268.135 263.153 264.671 263.665 266.817 266.852 264.162 263.040 267.902 273.557 272.338 266.697 266.844 267.322 266.734 268.737 273.260 278.350 276.165 272.813 269.466 267.537 266.459 265.245
-999.000 -999.000 -999.000 -999.000 -999.000 -999.000 -999.000 -999.000 -999.000 -999.000 -999.000 -999.000 269.454 272.212 273.873 268.448 272.797 278.048 283.929 281.076 275.612 274.906 281.870 285.395 287.756 284.853 287.335 286.226 284.617 285.647 286.437 286.460 286.257 286.137 284.588 280.345 284.880 284.887 281.258 276.589 272.060 271.267 269.728 266.679 262.125 262.407 265.264 264.196 264.114 265.358 268.252 269.664 264.888 264.686 262.822 262.918 266.878 270.245 274.398 278.756 277.712 275.685 273.551 269.571 262.900 262.843
-999.000 -999.000 -999.000 -999.000 -999.000 -999.000 -999.000 -999.000 -999.000 -999.000 -999.000 267.232 269.116 271.734 274.029 274.029 275.853 280.549 280.411 279.846 273.737 276.352 282.466 280.129 282.733 285.822 284.837 280.787 276.881 276.590 280.826 284.206 285.837 281.613 278.544 277.005 281.388 283.476 284.520 279.853 275.904 272.871 268.640 264.091 264.730 265.614 263.454 263.298 262.620 265.350 266.430 269.658 265.013 259.211 260.295 261.851 265.469 269.299 275.206 273.895 272.733 274.062 275.168 269.657 264.987 261.510
-999.000 -999.000 -999.000 -999.000 -999.000 -999.000 -999.000 -999.000 -999.000 -999.000 -999.000 270.798 269.385 272.036 -999.000 -999.000 278.189 282.257 276.759 277.436 277.969 279.097 276.787 275.549 275.493 277.845 283.408 275.626 270.680 270.883 276.908 283.073 284.266 279.211 273.709 275.941 279.609 281.903 283.919 284.205 281.195 276.293 272.003 265.890 268.624 267.028 263.238 262.865 263.396 266.976 268.741 269.651 264.210 262.236 260.728 264.222 265.595 268.507 274.600 271.024 264.692 268.494 273.763 272.144 267.674 262.977
-999.000 -999.000 -999.000 -999.000 -999.000 -999.000 -999.000 -999.000 -999.000 -999.000 -999.000 269.784 267.427 -999.000 -999.000 -999.000 -999.000 278.982 274.973 276.623 278.617 272.871 273.255 272.210 273.038 279.051 279.998 279.184 272.535 269.326 277.125 282.974 283.472 277.708 272.716 274.519 277.291 278.989 280.399 282.593 282.517 281.496 274.056 268.689 271.166 267.556 266.765 263.480 264.858 264.928 267.794 269.644 267.114 262.830 261.916 264.027 269.519 270.928 275.197 269.612 265.593 261.357 268.858 273.605 267.516 265.314
