tests/2D_interpolations/2009-01-19T12.00_HNW_ref.asc
ncols               386
nrows               229
xllcorner    479497.492
yllcorner     73502.967
cellsize       1000.000
NODATA_value -999
[rows 66 to 98 of 229, columns 73 to 145 of 386]
-999.000 -999.000 -999.000 -999.000 -999.000 -999.000 -999.000 -999.000 -999.000 -999.000 2.639 2.108 2.081 2.057 2.040 1.971 1.931 1.977 1.997 2.024 2.037 2.023 1.957 1.944 1.958 1.919 1.916 1.833 2.055 2.191 2.184 2.253 2.171 2.144 1.999 2.031 2.150 2.236 2.369 2.523 2.573 2.582 2.614 2.549 2.559 2.469 2.414 2.266 2.373 2.045 1.723 2.256 2.292 2.423 2.368 2.309 2.151 1.732 1.949 1.880 1.866 1.954 2.135 2.177 2.461 2.524 2.752 2.777 2.787 2.792 2.796 2.744 2.756
-999.000 -999.000 -999.000 -999.000 -999.000 -999.000 -999.000 -999.000 -999.000 -999.000 2.666 2.206 2.106 1.901 1.816 1.940 2.004 1.958 1.946 1.856 1.927 1.905 1.933 1.847 1.828 1.851 1.811 2.075 1.961 1.878 1.941 1.849 1.724 1.715 1.512 1.657 1.695 1.820 2.118 2.306 2.372 2.600 2.435 2.329 2.290 2.270 2.107 1.810 2.136 2.371 2.273 2.324 2.149 1.984 2.023 1.820 1.937 2.227 2.375 2.221 2.268 2.283 2.399 2.494 2.609 2.722 2.775 2.783 2.785 2.791 2.794 2.758 2.832
-999.000 -999.000 -999.000 -999.000 -999.000 -999.000 -999.000 -999.000 -999.000 -999.000 -999.000 2.320 2.105 1.991 1.948 1.981 1.964 1.913 1.912 1.899 1.894 1.879 1.906 1.858 1.876 1.892 2.008 2.029 2.020 1.857 1.840 1.771 1.567 1.561 1.622 1.980 2.124 2.079 1.997 1.922 2.479 1.982 1.683 1.615 1.704 1.691 1.645 1.821 2.144 2.235 1.861 1.920 1.730 1.585 1.557 1.735 2.427 2.516 2.546 2.429 2.571 2.585 2.647 2.733 2.757 2.766 2.772 2.779 2.784 2.779 2.762 2.811 2.826
-999.000 -999.000 -999.000 -999.000 -999.000 -999.000 -999.000 -999.000 -999.000 -999.000 -999.000 2.285 1.956 1.914 1.950 1.941 1.941 1.884 1.892 1.866 1.898 1.857 1.882 1.860 1.817 1.772 1.733 1.877 2.010 2.138 2.238 2.168 2.119 2.149 2.163 2.187 2.258 2.241 2.177 2.056 2.418 2.068 1.977 2.026 2.111 2.142 1.871 1.701 1.546 1.889 1.699 1.759 1.666 1.950 1.982 2.427 2.548 2.648 2.717 2.737 2.766 2.779 2.769 2.789 2.788 2.801 2.740 2.761 2.742 2.770 2.805 2.820 2.856
-999.000 -999.000 -999.000 -999.000 -999.000 -999.000 -999.000 -999.000 -999.000 -999.000 2.366 2.002 1.804 1.907 1.893 1.917 1.856 1.909 1.896 1.906 1.901 1.888 1.799 1.713 1.666 1.738 1.857 2.195 2.252 2.226 2.250 2.283 2.312 2.359 2.376 2.361 2.400 2.415 2.405 2.433 2.379 2.320 2.262 2.147 1.804 1.777 1.563 1.514 1.565 1.898 2.073 2.395 2.355 2.517 2.528 2.636 2.563 2.625 2.727 2.772 2.783 2.749 2.795 2.841 2.843 2.844 2.773 2.733 2.764 2.788 2.857 2.826 2.810
-999.000 -999.000 -999.000 -999.000 -999.000 -999.000 -999.000 -999.000 -999.000 2.376 2.207 1.878 1.949 1.958 1.893 1.855 1.879 1.894 1.933 1.913 1.839 1.802 1.878 2.055 2.112 2.041 2.117 2.166 2.235 2.232 2.308 2.264 2.219 2.230 2.232 2.268 2.237 2.198 2.198 2.138 1.878 1.723 1.608 1.363 1.416 1.648 1.885 2.185 2.318 2.459 2.554 2.581 2.617 2.628 2.692 2.633 2.741 2.746 2.772 2.828 2.831 2.838 2.837 2.837 2.796 2.776 2.780 2.808 2.819 2.838 2.806 2.769 2.794
-999.000 -999.000 -999.000 -999.000 -999.000 -999.000 -999.000 -999.000 2.431 1.940 1.904 1.938 1.944 1.887 1.805 1.876 1.908 1.934 1.880 1.895 1.963 2.067 2.070 1.999 1.935 1.914 1.932 1.948 2.203 2.289 2.192 2.085 2.020 1.951 1.740 1.729 1.638 1.567 1.659 1.689 1.589 1.615 1.619 1.538 1.837 2.027 2.300 2.452 2.535 2.596 2.624 2.651 2.683 2.719 2.694 2.774 2.782 2.795 2.823 2.825 2.830 2.832 2.820 2.826 2.765 2.742 2.787 2.802 2.804 2.798 2.716 2.780 2.788
-999.000 -999.000 -999.000 -999.000 -999.000 -999.000 -999.000 2.252 1.918 1.908 1.930 1.886 1.760 1.749 1.857 1.915 1.925 1.814 1.830 1.874 1.907 1.865 1.827 1.790 1.779 1.786 1.892 1.965 2.042 2.034 1.759 1.721 1.587 1.518 1.675 1.613 1.751 1.718 1.816 2.001 1.981 1.801 1.804 1.926 2.333 2.466 2.576 2.663 2.653 2.734 2.758 2.797 2.793 2.793 2.789 2.802 2.818 2.819 2.819 2.817 2.819 2.812 2.778 2.770 2.755 2.756 2.786 2.803 2.791 2.775 2.770 2.766 2.769
-999.000 -999.000 -999.000 -999.000 -999.000 2.533 2.166 1.921 1.874 1.874 1.817 1.688 1.713 1.872 1.866 1.866 1.816 1.764 1.708 1.638 1.630 1.679 1.785 1.966 2.242 2.251 2.178 2.123 2.245 1.808 1.768 1.739 2.090 2.052 2.223 2.321 2.124 1.865 1.779 1.731 1.780 2.122 2.443 2.573 2.647 2.646 2.725 2.770 2.777 2.803 2.810 2.812 2.813 2.815 2.816 2.807 2.813 2.813 2.813 2.812 2.814 2.780 2.776 2.767 2.771 2.780 2.792 2.787 2.770 2.759 2.734 2.720 2.717
-999.000 -999.000 -999.000 -999.000 -999.000 2.188 1.989 1.895 1.849 1.737 1.710 1.731 1.843 1.857 1.831 1.756 1.640 1.578 1.537 1.838 2.041 2.226 2.368 2.383 2.403 2.431 2.434 2.430 2.068 2.102 2.401 2.313 2.466 2.481 2.305 1.965 2.045 2.114 2.205 2.385 2.361 2.434 2.587 2.732 2.757 2.769 2.786 2.798 2.806 2.808 2.811 2.812 2.799 2.792 2.774 2.758 2.773 2.731 2.807 2.806 2.807 2.798 2.781 2.777 2.761 2.730 2.801 2.787 2.763 2.720 2.676 2.736 2.753
-999.000 -999.000 -999.000 -999.000 2.371 2.010 1.895 1.823 1.793 1.840 1.845 1.871 1.830 1.803 1.627 1.545 1.569 1.709 1.981 2.313 2.354 2.387 2.315 2.302 2.378 2.249 2.179 2.185 2.155 2.432 2.247 2.281 2.087 2.203 2.025 2.085 2.334 2.183 2.090 2.178 2.412 2.591 2.749 2.743 2.793 2.798 2.803 2.805 2.807 2.808 2.755 2.735 2.721 2.677 2.662 2.703 2.779 2.799 2.799 2.799 2.803 2.789 2.765 2.733 2.721 2.758 2.790 2.774 2.728 2.712 2.767 2.752 2.708
-999.000 -999.000 -999.000 2.174 1.999 1.987 1.850 1.871 1.872 1.879 1.895 1.840 1.789 1.635 1.591 1.572 1.836 2.108 2.346 2.355 2.289 2.204 1.897 1.750 1.855 1.741 1.684 1.629 2.012 2.112 1.973 1.735 2.439 2.081 2.198 2.285 1.973 2.349 2.671 2.743 2.774 2.788 2.790 2.798 2.800 2.802 2.804 2.805 2.788 2.738 2.680 2.680 2.634 2.636 2.681 2.761 2.782 2.793 2.791 2.793 2.775 2.751 2.737 2.727 2.768 2.767 2.785 2.770 2.758 2.765 2.758 2.711 2.657
-999.000 -999.000 -999.000 2.484 2.333 1.906 1.875 1.856 1.849 1.861 1.829 1.753 1.628 1.482 1.659 2.015 2.163 2.329 2.264 2.163 1.858 1.618 1.663 1.695 1.634 1.567 1.520 1.499 1.476 1.737 1.922 2.225 2.467 2.619 2.362 2.363 2.702 2.774 2.782 2.685 2.722 2.758 2.796 2.799 2.802 2.802 2.784 2.720 2.691 2.657 2.629 2.624 2.667 2.709 2.765 2.774 2.745 2.787 2.785 2.786 2.774 2.759 2.735 2.738 2.775 2.734 2.690 2.773 2.770 2.694 2.637 2.608 2.588
-999.000 -999.000 -999.000 2.031 1.909 2.002 1.859 1.840 1.823 1.728 1.658 1.586 1.593 1.632 2.123 2.285 2.215 2.002 1.805 1.593 1.588 1.539 1.423 1.605 1.558 1.477 1.572 1.746 1.954 2.319 2.418 2.451 2.312 2.445 2.603 2.768 2.767 2.608 2.619 2.692 2.777 2.794 2.800 2.798 2.799 2.790 2.664 2.631 2.611 2.627 2.621 2.723 2.715 2.669 2.748 2.774 2.778 2.778 2.778 2.781 2.784 2.767 2.757 2.774 2.748 2.728 2.652 2.737 2.610 2.666 2.595 2.482 2.474
-999.000 -999.000 2.136 1.908 1.927 2.028 1.897 1.818 1.718 1.626 1.610 1.660 1.945 2.218 2.237 2.184 1.912 1.612 1.416 1.342 1.236 1.353 1.488 1.575 1.615 1.658 1.791 1.828 2.186 2.303 2.152 2.237 2.456 2.702 2.764 2.750 2.650 2.676 2.780 2.789 2.792 2.794 2.800 2.798 2.789 2.727 2.656 2.617 2.607 2.695 2.618 2.652 2.710 2.734 2.764 2.768 2.769 2.769 2.770 2.774 2.779 2.781 2.773 2.775 2.690 2.706 2.680 2.586 2.589 2.656 2.542 2.505 2.601
2.396 1.970 1.852 1.901 1.901 1.921 1.835 1.749 1.694 1.682 2.054 2.189 2.200 1.975 1.815 1.684 1.803 1.265 1.173 1.072 1.182 1.519 1.768 1.819 1.645 1.466 1.485 1.825 2.142 1.972 2.108 2.439 2.750 2.769 2.736 2.759 2.771 2.761 2.783 2.791 2.793 2.792 2.785 2.755 2.704 2.704 2.631 2.614 2.613 2.569 2.604 2.595 2.632 2.764 2.763 2.762 2.762 2.756 2.764 2.756 2.771 2.719 2.701 2.661 2.665 2.608 2.717 2.725 2.548 2.496 2.500 2.490 2.566
1.875 1.800 1.861 1.895 1.842 1.770 1.803 1.802 1.795 2.130 2.084 1.876 1.770 1.763 1.740 1.644 1.284 1.256 1.104 1.366 1.620 1.843 1.933 1.500 1.484 1.649 2.048 1.858 1.825 2.056 2.602 2.779 2.776 2.768 2.756 2.740 2.735 2.784 2.787 2.790 2.792 2.675 2.648 2.722 2.707 2.683 2.611 2.574 2.553 2.501 2.521 2.570 2.745 2.764 2.759 2.754 2.756 2.754 2.752 2.760 2.756 2.736 2.637 2.603 2.606 2.731 2.543 2.587 2.532 2.392 2.556 2.520 2.513
1.757 1.780 1.853 1.847 1.839 1.812 1.771 1.973 2.092 1.908 1.748 1.716 1.701 1.707 1.748 1.493 1.276 1.275 1.548 1.771 1.895 1.954 1.850 1.756 2.083 2.150 2.004 1.978 2.183 2.543 2.777 2.777 2.778 2.779 2.777 2.783 2.780 2.783 2.784 2.788 2.656 2.700 2.749 2.724 2.686 2.637 2.605 2.550 2.533 2.518 2.677 2.714 2.762 2.764 2.736 2.750 2.748 2.745 2.745 2.743 2.754 2.723 2.682 2.725 2.596 2.636 2.586 2.531 2.530 2.366 2.343 2.556 2.550
1.681 1.873 1.902 1.784 1.790 1.787 2.002 2.046 1.771 1.613 1.572 1.611 1.625 1.722 1.862 1.427 1.400 1.696 1.878 2.035 2.099 2.055 2.078 2.190 2.232 2.161 2.118 2.372 2.621 2.775 2.776 2.770 2.683 2.695 2.754 2.693 2.680 2.778 2.782 2.785 2.784 2.774 2.754 2.715 2.634 2.550 2.534 2.549 2.583 2.748 2.752 2.754 2.714 2.738 2.738 2.741 2.740 2.738 2.740 2.741 2.743 2.695 2.689 2.711 2.654 2.649 2.453 2.402 2.413 2.366 2.397 2.443 2.499
1.838 1.900 1.842 1.697 1.788 1.996 1.829 1.659 1.685 1.678 1.672 1.605 1.837 1.990 1.628 1.454 1.798 1.954 2.086 2.168 2.188 2.197 2.203 2.173 2.180 2.221 2.449 2.704 2.773 2.774 2.770 2.762 2.701 2.634 2.696 2.769 2.774 2.778 2.780 2.775 2.745 2.699 2.668 2.649 2.610 2.531 2.589 2.743 2.747 2.750 2.746 2.731 2.665 2.719 2.738 2.732 2.732 2.730 2.732 2.722 2.726 2.626 2.674 2.683 2.695 2.655 2.652 2.516 2.434 2.319 2.423 2.349 2.372
1.883 1.815 1.810 1.695 1.913 1.651 1.556 1.488 1.573 1.764 1.996 2.062 2.083 1.965 1.573 1.769 1.953 2.066 2.125 2.199 2.206 2.185 2.164 2.123 2.220 2.610 2.769 2.771 2.772 2.774 2.739 2.691 2.638 2.710 2.766 2.769 2.773 2.777 2.761 2.691 2.686 2.645 2.632 2.692 2.716 2.733 2.737 2.721 2.717 2.728 2.686 2.640 2.681 2.705 2.730 2.729 2.727 2.722 2.724 2.726 2.608 2.672 2.606 2.692 2.528 2.473 2.499 2.481 2.500 2.378 2.315 2.341 2.312
1.813 1.832 1.682 1.654 1.639 1.393 1.340 1.331 1.715 1.845 1.842 1.924 2.031 1.903 1.486 1.802 1.997 1.889 2.120 2.218 2.217 2.086 2.140 2.208 2.696 2.767 2.769 2.770 2.772 2.773 2.682 2.620 2.643 2.749 2.765 2.767 2.770 2.771 2.675 2.699 2.650 2.682 2.684 2.726 2.730 2.716 2.696 2.639 2.656 2.640 2.671 2.603 2.661 2.709 2.724 2.725 2.720 2.714 2.715 2.718 2.716 2.650 2.660 2.665 2.533 2.469 2.465 2.484 2.336 2.350 2.367 2.446 2.450
1.747 1.668 1.700 1.566 1.406 1.435 1.573 1.632 1.766 1.943 2.048 2.123 2.179 1.708 1.578 1.855 1.941 2.064 2.242 2.245 2.216 2.207 2.477 2.764 2.765 2.767 2.768 2.769 2.771 2.679 2.616 2.642 2.741 2.757 2.761 2.766 2.768 2.764 2.686 2.666 2.612 2.590 2.681 2.670 2.669 2.656 2.635 2.618 2.633 2.656 2.641 2.604 2.659 2.673 2.714 2.721 2.716 2.709 2.705 2.703 2.588 2.703 2.693 2.508 2.446 2.410 2.430 2.314 2.227 2.344 2.393 2.365 2.318
1.590 1.729 1.706 1.438 1.558 1.635 1.706 2.044 2.224 2.298 2.297 2.241 2.143 1.575 1.830 2.029 2.120 2.295 2.421 2.497 2.540 2.706 2.761 2.763 2.764 2.766 2.767 2.769 2.770 2.683 2.727 2.751 2.701 2.756 2.758 2.763 2.765 2.748 2.742 2.712 2.635 2.665 2.658 2.663 2.665 2.670 2.637 2.593 2.603 2.596 2.570 2.622 2.660 2.662 2.691 2.703 2.700 2.693 2.701 2.699 2.693 2.632 2.603 2.448 2.557 2.513 2.341 2.294 2.332 2.288 2.368 2.402 2.312
1.684 1.752 1.419 1.417 1.620 1.976 2.156 2.238 2.287 2.295 2.271 2.209 1.908 1.736 1.992 2.115 2.367 2.560 2.707 2.741 2.758 2.759 2.761 2.762 2.764 2.765 2.766 2.765 2.731 2.756 2.733 2.741 2.755 2.754 2.755 2.757 2.757 2.723 2.682 2.689 2.693 2.671 2.660 2.662 2.649 2.640 2.625 2.603 2.587 2.552 2.600 2.641 2.650 2.673 2.701 2.701 2.685 2.683 2.660 2.669 2.677 2.677 2.509 2.600 2.540 2.381 2.315 2.393 2.380 2.251 2.349 2.382 2.374
1.815 1.582 1.334 1.623 1.899 2.127 2.212 2.254 2.275 2.291 2.262 2.151 1.690 1.919 2.307 2.454 2.721 2.749 2.750 2.754 2.757 2.759 2.760 2.761 2.763 2.764 2.764 2.711 2.753 2.731 2.755 2.755 2.752 2.750 2.753 2.741 2.724 2.628 2.678 2.674 2.666 2.675 2.660 2.658 2.624 2.597 2.571 2.524 2.602 2.599 2.624 2.629 2.667 2.692 2.694 2.699 2.681 2.677 2.629 2.628 2.609 2.670 2.556 2.607 2.458 2.307 2.342 2.399 2.344 2.339 2.327 2.376 2.218
1.626 1.388 1.482 1.733 2.046 2.191 2.249 2.299 2.301 2.234 2.111 1.828 1.716 2.391 2.429 2.697 2.744 2.750 2.750 2.748 2.565 2.749 2.759 2.760 2.732 2.703 2.563 2.749 2.693 2.745 2.752 2.751 2.750 2.747 2.748 2.748 2.638 2.648 2.614 2.656 2.577 2.609 2.661 2.656 2.655 2.652 2.633 2.578 2.631 2.607 2.626 2.648 2.671 2.691 2.686 2.675 2.669 2.638 2.528 2.536 2.561 2.665 2.665 2.487 2.347 2.331 2.419 2.454 2.363 2.278 2.446 2.335 2.451
1.417 1.383 1.569 2.049 2.172 2.230 2.265 2.328 2.274 2.033 1.678 1.690 2.257 2.520 2.524 2.729 2.744 2.743 2.726 2.556 2.698 2.723 2.717 2.675 2.625 2.574 2.745 2.748 2.724 2.753 2.752 2.753 2.750 2.736 2.745 2.647 2.631 2.608 2.548 2.498 2.397 2.475 2.550 2.612 2.518 2.553 2.643 2.660 2.663 2.612 2.601 2.637 2.680 2.682 2.664 2.644 2.662 2.573 2.522 2.447 2.629 2.567 2.660 2.592 2.368 2.478 2.550 2.485 2.392 2.368 2.469 2.445 2.427
1.332 1.568 1.923 2.121 2.200 2.255 2.289 2.344 2.026 1.675 1.875 2.247 2.491 2.628 2.738 2.679 2.743 2.736 2.552 2.674 2.715 2.732 2.630 2.532 2.599 2.733 2.746 2.694 2.751 2.752 2.752 2.754 2.689 2.669 2.732 2.636 2.625 2.478 2.475 2.305 2.369 2.429 2.460 2.509 2.429 2.476 2.529 2.588 2.624 2.646 2.674 2.667 2.676 2.676 2.632 2.556 2.596 2.502 2.497 2.522 2.502 2.478 2.652 2.644 2.513 2.555 2.449 2.338 2.349 2.535 2.506 2.420 2.308
1.446 1.790 2.074 2.164 2.211 2.243 2.276 2.227 1.978 2.129 2.355 2.561 2.708 2.736 2.701 2.715 2.744 2.745 2.743 2.743 2.736 2.662 2.616 2.598 2.656 2.743 2.713 2.701 2.750 2.751 2.751 2.665 2.666 2.737 2.588 2.543 2.486 2.471 2.348 2.259 2.353 2.363 2.427 2.434 2.427 2.455 2.531 2.571 2.580 2.627 2.648 2.666 2.647 2.605 2.627 2.514 2.575 2.592 2.427 2.432 2.397 2.323 2.522 2.613 2.643 2.599 2.486 2.449 2.530 2.558 2.388 2.395 2.460
1.667 1.906 2.160 2.193 2.217 2.206 2.218 2.336 2.369 2.444 2.610 2.741 2.743 2.744 2.741 2.746 2.747 2.744 2.745 2.745 2.744 2.726 2.683 2.687 2.718 2.746 2.750 2.752 2.751 2.751 2.736 2.646 2.724 2.727 2.529 2.379 2.252 2.239 2.257 2.288 2.352 2.444 2.502 2.468 2.418 2.499 2.552 2.551 2.594 2.614 2.599 2.595 2.529 2.501 2.463 2.388 2.595 2.536 2.483 2.432 2.288 2.285 2.538 2.563 2.602 2.626 2.630 2.583 2.598 2.496 2.534 2.460 2.420
1.770 2.057 2.213 2.192 2.246 2.350 2.401 2.475 2.617 2.725 2.740 2.741 2.742 2.743 2.744 2.745 2.746 2.747 2.745 2.745 2.746 2.745 2.746 2.746 2.742 2.739 2.751 2.752 2.752 2.749 2.659 2.677 2.721 2.617 2.560 2.422 2.376 2.361 2.353 2.430 2.493 2.494 2.496 2.530 2.535 2.563 2.587 2.611 2.602 2.619 2.540 2.493 2.276 2.391 2.442 2.428 2.517 2.374 2.316 2.343 2.304 2.345 2.302 2.508 2.509 2.475 2.448 2.596 2.614 2.607 2.411 2.318 2.187
2.173 2.207 2.362 2.451 2.488 2.573 2.612 2.696 2.737 2.738 2.739 2.740 2.741 2.742 2.743 2.744 2.745 2.746 2.744 2.745 2.746 2.747 2.748 2.750 2.749 2.750 2.750 2.751 2.752 2.733 2.670 2.612 2.580 2.722 2.543 2.506 2.625 2.523 2.445 2.473 2.466 2.463 2.481 2.514 2.565 2.573 2.568 2.581 2.686 2.640 2.584 2.440 2.433 2.355 2.352 2.278 2.413 2.195 2.311 2.235 2.307 2.231 2.344 2.560 2.512 2.400 2.519 2.523 2.560 2.575 2.577 2.481 2.242
