tests/2D_interpolations/2009-01-19T12.00_VW_ref.asc
ncols               386
nrows               229
xllcorner    479497.492
yllcorner     73502.967
cellsize       1000.000
NODATA_value -999
[rows 96 to 127 of 229, columns 284 to 354 of 386]
10.415 13.783 14.149 14.898 15.054 15.013 14.404 13.543 12.995 13.357 14.032 14.765 11.884 11.897 10.748 7.878 6.188 6.908 8.711 7.422 4.820 4.234 -999.000 -999.000 -999.000 -999.000 -999.000 -999.000 -999.000 -999.000 -999.000 -999.000 -999.000 -999.000 -999.000 -999.000 -999.000 -999.000 -999.000 -999.000 -999.000 -999.000 -999.000 -999.000 -999.000 -999.000 -999.000 -999.000 -999.000 -999.000 -999.000 -999.000 -999.000 -999.000 -999.000 -999.000 -999.000 1.840 3.615 3.154 4.121 6.617 7.371 8.280 -999.000 -999.000 -999.000 -999.000 -999.000 -999.000 -999.000
14.589 15.255 15.978 17.480 17.522 16.626 15.988 15.712 16.830 10.904 11.653 10.265 8.798 8.113 8.282 9.231 8.775 10.094 10.047 7.799 5.858 3.772 -999.000 -999.000 -999.000 -999.000 -999.000 -999.000 -999.000 -999.000 -999.000 -999.000 -999.000 -999.000 -999.000 -999.000 -999.000 -999.000 -999.000 -999.000 -999.000 -999.000 -999.000 -999.000 -999.000 -999.000 -999.000 -999.000 -999.000 -999.000 -999.000 -999.000 -999.000 -999.000 -999.000 -999.000 -999.000 2.959 4.014 5.962 7.094 9.334 7.576 7.257 8.546 -999.000 -999.000 -999.000 -999.000 -999.000 -999.000
14.170 12.216 12.135 12.254 12.965 11.966 11.170 18.306 13.926 12.284 9.376 8.304 7.547 6.176 6.161 8.613 10.649 8.307 6.045 7.109 6.256 3.611 -999.000 -999.000 -999.000 -999.000 -999.000 -999.000 -999.000 -999.000 -999.000 -999.000 -999.000 -999.000 -999.000 -999.000 -999.000 -999.000 -999.000 -999.000 -999.000 -999.000 -999.000 -999.000 -999.000 -999.000 -999.000 -999.000 -999.000 -999.000 -999.000 -999.000 -999.000 -999.000 -999.000 0.757 1.487 1.018 4.660 8.776 5.632 4.536 5.597 6.163 6.824 8.606 10.228 9.511 -999.000 -999.000 -999.000
14.499 12.089 11.655 10.742 9.795 9.461 9.742 11.099 13.505 13.789 13.041 11.677 10.081 7.880 5.270 8.014 10.090 8.746 5.222 4.509 6.541 4.622 -999.000 -999.000 -999.000 -999.000 -999.000 -999.000 -999.000 -999.000 -999.000 -999.000 -999.000 -999.000 -999.000 -999.000 -999.000 -999.000 -999.000 -999.000 -999.000 -999.000 -999.000 -999.000 -999.000 -999.000 -999.000 -999.000 -999.000 -999.000 -999.000 -999.000 -999.000 -999.000 -999.000 2.838 4.393 4.591 6.399 5.047 2.452 3.682 4.399 5.153 2.303 2.778 5.984 9.547 -999.000 -999.000 -999.000
13.214 9.272 10.795 9.396 7.139 6.362 8.653 10.232 13.804 14.500 13.478 9.835 8.428 7.683 8.553 9.969 10.174 7.581 6.190 4.288 3.152 4.661 2.493 -999.000 -999.000 -999.000 -999.000 -999.000 -999.000 -999.000 -999.000 -999.000 -999.000 -999.000 -999.000 -999.000 -999.000 -999.000 -999.000 -999.000 -999.000 -999.000 -999.000 -999.000 -999.000 -999.000 -999.000 -999.000 -999.000 -999.000 -999.000 -999.000 -999.000 -999.000 -999.000 -999.000 3.273 4.504 2.419 4.170 0.594 3.123 2.970 2.271 0.592 0.333 2.161 8.472 12.272 -999.000 -999.000
11.070 9.479 11.682 9.296 5.853 7.406 9.620 11.638 16.393 14.543 12.989 9.738 10.592 10.496 10.682 13.228 9.987 5.914 3.809 4.268 1.886 1.774 1.977 4.262 -999.000 -999.000 -999.000 -999.000 -999.000 -999.000 -999.000 -999.000 -999.000 -999.000 -999.000 -999.000 -999.000 -999.000 -999.000 -999.000 -999.000 -999.000 -999.000 -999.000 -999.000 -999.000 -999.000 -999.000 -999.000 -999.000 3.078 4.461 2.861 0.698 -999.000 1.127 0.602 3.714 2.382 3.712 0.337 3.596 2.327 0.188 0.108 2.112 4.384 8.778 12.348 -999.000 -999.000
11.030 9.355 10.742 9.385 9.818 8.878 10.087 12.773 11.896 15.086 14.054 13.468 13.266 12.816 15.733 10.870 9.743 8.281 7.556 5.471 4.668 3.508 4.115 5.358 5.603 -999.000 -999.000 -999.000 -999.000 -999.000 -999.000 -999.000 -999.000 -999.000 -999.000 -999.000 -999.000 -999.000 -999.000 -999.000 -999.000 -999.000 -999.000 -999.000 -999.000 -999.000 -999.000 -999.000 -999.000 -999.000 3.234 4.147 1.798 1.417 1.935 3.500 1.331 1.087 3.546 2.788 1.491 2.998 1.432 0.497 2.368 4.433 6.096 9.749 -999.000 -999.000 -999.000
8.441 9.417 9.957 8.435 7.014 9.355 10.631 10.661 11.105 11.061 14.265 15.275 15.001 15.892 14.365 13.622 12.254 11.199 9.557 8.001 5.602 5.243 5.791 7.122 8.109 6.238 3.117 2.999 1.609 2.332 -999.000 -999.000 -999.000 -999.000 -999.000 -999.000 -999.000 -999.000 -999.000 -999.000 -999.000 -999.000 -999.000 -999.000 -999.000 -999.000 -999.000 -999.000 -999.000 -999.000 2.672 3.892 2.885 2.621 4.717 3.073 1.380 1.062 0.270 1.292 1.617 1.140 0.791 0.786 3.423 5.262 8.372 10.659 -999.000 -999.000 -999.000
9.490 7.392 8.173 9.098 6.191 7.024 9.549 10.303 9.519 9.914 10.586 10.824 10.193 9.848 13.862 15.800 14.556 13.393 12.202 9.821 8.056 7.592 6.691 10.017 8.281 7.694 6.827 5.426 4.968 4.971 2.628 -999.000 -999.000 -999.000 -999.000 -999.000 -999.000 -999.000 -999.000 -999.000 -999.000 -999.000 -999.000 -999.000 -999.000 -999.000 -999.000 -999.000 -999.000 0.788 2.452 2.932 1.746 2.403 3.980 5.367 2.811 1.560 1.977 0.811 0.991 0.034 2.396 4.031 5.679 6.872 9.756 12.364 -999.000 -999.000 -999.000
10.107 6.469 6.905 9.067 9.169 6.532 7.863 8.205 9.483 7.482 8.298 9.844 11.298 10.177 10.212 10.923 10.347 14.468 13.631 12.259 10.820 9.597 8.636 9.076 5.456 4.965 5.429 6.820 6.833 5.916 3.516 3.208 3.083 1.656 -999.000 -999.000 -999.000 -999.000 -999.000 -999.000 -999.000 -999.000 -999.000 -999.000 -999.000 -999.000 -999.000 -999.000 -999.000 0.008 1.726 2.852 0.586 0.373 2.472 4.500 5.846 4.718 3.478 1.326 0.421 1.873 4.639 6.558 7.867 9.196 11.369 -999.000 -999.000 -999.000 -999.000
9.872 7.089 6.311 7.989 6.147 4.736 6.222 7.948 9.753 5.739 6.151 8.451 9.840 7.499 7.868 8.988 9.910 10.613 10.565 13.836 12.903 11.977 12.993 10.007 5.911 3.911 4.143 3.424 3.115 5.029 4.515 3.125 3.779 0.302 0.325 -999.000 -999.000 -999.000 -999.000 -999.000 -999.000 -999.000 -999.000 -999.000 -999.000 -999.000 -999.000 -999.000 -999.000 -999.000 1.176 0.920 0.247 3.521 5.608 3.681 7.032 6.499 4.081 2.624 2.007 4.866 5.114 7.886 10.091 10.956 12.172 -999.000 -999.000 -999.000 -999.000
9.440 8.355 5.596 6.389 4.575 4.823 7.089 7.314 7.464 4.552 5.054 6.690 7.372 5.778 6.404 7.321 8.300 9.128 10.230 10.335 13.697 14.628 12.946 11.165 9.225 5.175 4.700 4.276 1.776 2.014 3.186 2.654 5.831 4.313 2.757 1.504 -999.000 -999.000 -999.000 -999.000 -999.000 -999.000 -999.000 -999.000 -999.000 -999.000 -999.000 -999.000 -999.000 0.980 0.144 1.091 2.495 5.763 6.183 6.702 8.650 7.500 5.356 2.326 1.358 6.202 7.442 9.395 11.397 13.123 10.206 7.967 -999.000 -999.000 -999.000
7.026 5.799 4.371 3.498 4.143 5.693 5.987 5.354 5.313 3.489 5.688 5.666 4.746 4.686 5.302 6.300 6.829 7.419 7.991 8.687 10.018 10.287 12.799 12.763 10.926 8.950 8.448 8.180 6.561 5.970 5.253 4.698 7.528 5.656 4.921 1.999 -999.000 -999.000 -999.000 -999.000 -999.000 -999.000 -999.000 -999.000 -999.000 -999.000 0.758 1.686 1.310 0.539 0.205 0.148 1.978 3.689 2.580 4.028 4.933 7.761 4.458 3.207 3.686 6.646 9.735 11.084 9.023 10.265 7.704 6.335 -999.000 -999.000 -999.000
6.000 3.461 3.618 2.818 3.046 3.997 3.624 3.483 4.151 4.352 5.146 5.113 3.998 3.547 4.044 5.136 5.383 5.636 5.537 6.502 7.432 10.068 9.764 13.567 12.961 12.354 12.151 11.145 10.285 8.574 8.213 8.686 9.234 8.502 5.167 3.862 2.643 1.792 0.199 -999.000 -999.000 -999.000 -999.000 -999.000 -999.000 0.762 0.187 2.636 2.498 3.911 1.738 0.700 2.254 0.893 0.438 3.926 6.959 8.953 7.437 6.431 6.863 8.180 9.842 12.213 11.432 7.797 6.199 0.643 -999.000 -999.000 -999.000
7.330 7.116 6.971 5.953 5.786 6.041 6.406 6.361 5.822 4.404 3.719 3.538 5.270 5.860 7.180 4.283 4.364 3.865 4.494 5.059 6.379 8.621 9.765 10.131 9.625 9.504 9.024 11.037 11.431 8.806 7.389 8.183 5.696 8.203 4.974 4.423 2.088 1.033 0.021 0.342 -999.000 1.182 0.934 0.657 0.433 1.429 2.680 5.029 5.347 2.312 2.016 1.193 0.674 0.639 3.301 1.453 4.368 9.592 9.759 9.835 9.733 11.562 10.258 10.416 10.662 5.035 3.537 -999.000 -999.000 -999.000 -999.000
9.451 10.216 8.213 8.670 7.951 8.235 8.430 8.115 7.335 5.948 5.647 5.977 7.152 7.397 4.073 3.732 3.750 2.959 5.668 7.953 8.979 11.161 9.850 8.771 8.397 8.146 6.973 6.279 8.861 9.854 5.645 5.382 4.860 4.707 4.192 1.618 0.994 1.730 0.490 0.753 0.999 2.937 3.253 1.141 3.085 3.421 3.114 4.829 1.218 2.073 0.077 3.282 2.737 2.684 4.050 4.981 5.305 6.144 7.155 11.327 11.969 12.253 14.095 10.819 7.803 3.403 0.440 -999.000 -999.000 -999.000 -999.000
13.445 11.705 11.284 11.135 10.827 10.845 10.427 9.982 9.050 7.428 7.347 7.194 6.856 4.711 3.221 2.451 1.226 3.441 4.403 8.573 11.205 8.143 8.530 8.620 6.659 4.424 3.943 5.686 7.201 9.431 4.633 3.616 3.137 3.001 1.761 3.433 2.284 0.410 2.078 0.831 0.150 4.955 3.707 0.949 2.018 4.996 4.829 5.659 1.365 0.079 0.013 3.740 5.130 5.333 6.071 7.153 8.148 9.024 10.184 12.142 10.030 10.269 8.732 8.360 6.037 3.779 1.880 -999.000 -999.000 -999.000 -999.000
14.001 14.179 14.187 13.490 12.890 12.488 12.396 11.965 10.567 9.767 9.190 8.422 6.663 4.634 4.722 4.510 3.736 3.483 3.967 7.227 12.593 8.631 7.801 5.523 7.894 5.745 3.677 4.977 5.916 7.983 7.258 5.674 6.095 5.623 5.765 4.676 3.058 2.499 4.750 0.223 1.134 4.164 5.118 4.442 1.959 2.247 4.306 6.561 4.616 2.872 1.966 4.162 5.928 7.953 8.337 9.561 10.788 11.903 12.653 8.725 11.005 8.249 4.812 4.326 6.197 3.792 1.152 -999.000 -999.000 -999.000 -999.000
11.065 10.327 10.110 9.952 10.020 8.499 9.074 7.876 11.627 11.092 10.957 9.754 8.329 7.476 6.783 5.349 5.423 5.075 6.030 9.359 8.579 8.969 5.882 6.184 5.118 5.662 3.750 2.783 3.613 6.355 8.604 6.907 3.856 1.946 2.452 2.163 0.907 3.745 6.151 4.329 1.235 1.294 5.982 4.441 2.307 0.610 3.691 7.051 5.581 4.754 5.667 6.322 6.710 9.076 11.167 11.568 12.898 14.506 9.492 8.466 10.165 7.265 4.170 0.569 3.474 2.437 -999.000 -999.000 -999.000 -999.000 -999.000
7.866 8.818 9.114 9.420 8.814 8.109 8.023 7.204 7.660 9.084 8.578 6.693 5.779 5.682 4.684 2.618 5.471 7.183 8.324 11.938 10.034 10.254 9.613 8.868 7.159 4.670 4.038 4.736 4.191 6.896 6.428 7.469 6.449 5.026 3.825 3.314 2.931 2.444 5.661 5.096 2.781 2.925 5.338 5.633 3.032 3.887 3.374 7.376 7.332 7.624 8.358 8.865 9.047 10.993 13.604 14.346 9.074 10.240 8.683 7.644 5.336 8.782 4.520 0.322 1.442 -999.000 -999.000 -999.000 -999.000 -999.000 -999.000
5.520 6.727 8.147 7.142 5.217 4.754 4.705 5.636 7.494 9.622 7.407 5.922 4.940 4.025 4.597 5.148 6.625 8.754 11.065 11.799 8.592 8.687 7.101 7.740 8.876 7.472 5.549 3.192 3.143 5.164 6.975 4.646 4.122 5.261 4.720 3.800 2.614 0.434 4.182 6.303 2.884 2.701 7.975 6.572 5.486 6.291 5.822 5.372 9.115 10.280 10.792 10.965 11.593 13.623 9.312 9.365 8.953 8.978 5.803 3.659 6.390 8.543 6.840 5.217 0.218 -999.000 -999.000 -999.000 -999.000 -999.000 -999.000
3.287 3.988 5.579 5.474 2.386 2.925 5.468 7.637 8.616 9.391 6.040 5.505 3.520 2.500 2.480 4.851 6.959 10.331 8.382 8.098 9.304 9.937 7.257 5.812 5.891 8.610 7.289 5.948 4.643 5.509 5.794 2.711 4.690 3.735 2.661 4.927 4.854 2.762 3.704 8.027 5.376 6.218 9.142 8.659 8.605 8.831 8.970 9.819 10.429 12.088 12.451 14.519 9.338 9.480 9.526 7.992 8.367 4.715 4.317 2.284 5.597 5.093 7.654 6.566 3.787 0.766 -999.000 -999.000 -999.000 -999.000 -999.000
2.744 2.327 4.416 4.600 3.261 4.998 6.584 8.685 7.517 7.838 5.381 4.287 2.054 4.224 4.452 5.851 7.203 12.551 9.245 7.178 5.273 5.958 9.859 6.900 5.641 5.800 7.723 6.026 5.822 4.902 4.641 4.235 5.628 3.915 4.185 3.450 5.854 6.540 7.059 7.614 8.644 9.818 11.120 11.212 10.984 11.096 11.395 12.175 12.522 11.866 8.920 8.815 7.885 9.146 9.884 7.063 4.158 3.989 1.645 1.482 4.160 4.719 2.153 5.448 3.948 0.638 -999.000 -999.000 -999.000 -999.000 -999.000
2.201 2.644 4.769 1.592 4.686 6.395 7.894 9.128 7.416 6.708 2.546 2.222 2.147 4.832 6.561 7.635 9.397 9.128 7.996 6.529 4.284 6.148 8.136 9.068 4.994 5.090 5.615 7.320 4.467 3.798 4.746 6.104 6.483 7.056 5.526 4.011 2.692 6.458 9.783 10.145 12.316 13.300 12.553 12.341 11.510 7.824 8.239 8.569 8.320 8.522 7.904 7.560 7.660 5.938 7.731 7.343 2.709 0.519 0.382 0.664 0.051 1.449 1.659 2.521 2.379 1.657 -999.000 -999.000 -999.000 -999.000 -999.000
3.802 1.406 3.159 3.247 4.925 5.856 5.397 6.057 8.012 1.848 3.729 1.630 4.947 5.196 6.674 9.624 12.999 9.375 9.536 7.515 4.445 4.021 7.058 9.382 8.082 6.171 6.483 6.641 5.277 2.196 4.190 2.951 4.791 6.715 7.536 7.026 6.608 8.152 13.030 12.218 9.353 8.593 8.503 7.032 8.280 6.056 6.944 8.079 6.639 6.375 7.129 5.966 6.671 0.938 5.049 7.129 3.533 1.924 0.345 0.371 0.048 0.293 0.988 4.032 3.435 -999.000 -999.000 -999.000 -999.000 -999.000 -999.000
4.365 1.041 0.437 1.943 3.925 4.437 3.037 5.591 5.755 5.255 2.684 3.283 3.920 6.075 8.823 12.086 8.922 7.341 7.531 8.963 6.874 5.734 6.126 6.757 9.308 6.492 5.446 5.431 5.582 3.746 6.128 5.337 7.508 9.258 8.783 8.831 9.466 11.503 9.106 9.404 7.026 4.618 6.647 3.068 5.894 3.894 4.656 7.549 4.237 6.181 5.969 3.936 3.457 2.147 5.750 7.703 5.689 1.635 0.257 0.306 1.043 0.494 0.710 1.287 -999.000 -999.000 -999.000 -999.000 -999.000 -999.000 -999.000
4.531 0.780 0.985 3.815 3.140 2.754 5.520 4.175 3.035 3.819 3.191 4.761 6.646 7.903 10.053 9.066 8.261 6.008 7.275 8.727 7.149 4.798 4.511 4.082 7.007 8.394 4.996 3.002 5.671 6.874 7.769 9.887 6.794 6.069 3.453 4.814 5.699 8.516 10.796 8.519 3.943 2.899 5.247 1.394 4.389 1.837 4.409 5.575 2.651 4.529 4.767 0.464 1.071 1.022 4.741 8.271 5.201 3.038 3.038 4.268 1.667 0.543 1.501 -999.000 -999.000 -999.000 -999.000 -999.000 -999.000 -999.000 -999.000
3.552 0.695 0.250 0.035 1.126 3.205 4.841 2.149 0.999 0.820 4.118 3.820 4.106 6.337 9.133 9.462 7.559 4.979 5.063 6.105 8.041 5.557 4.025 6.334 7.063 8.601 6.171 3.200 4.213 5.072 5.809 7.549 4.078 3.553 2.969 3.998 5.479 9.299 10.976 8.112 3.594 2.135 2.262 2.219 1.497 1.022 4.446 4.370 1.522 3.000 5.873 2.411 0.123 1.568 6.192 8.074 7.084 5.067 6.779 4.584 4.046 3.107 2.664 0.083 -999.000 -999.000 -999.000 -999.000 -999.000 -999.000 -999.000
2.935 2.139 0.820 1.737 2.946 3.333 1.682 0.748 2.668 4.919 6.449 5.164 7.540 5.747 11.723 8.547 6.765 4.368 3.126 5.343 7.921 6.123 5.191 4.299 5.264 7.482 7.666 4.915 3.274 3.286 5.024 5.993 3.049 3.835 4.752 5.301 8.036 10.820 10.652 7.746 3.518 1.372 1.525 0.187 1.904 3.578 3.252 3.037 0.329 2.356 5.617 3.668 2.945 5.021 6.494 5.441 7.416 8.371 5.774 2.693 1.026 0.629 0.675 0.363 -999.000 -999.000 -999.000 -999.000 -999.000 -999.000 -999.000
5.234 3.072 0.797 1.597 1.237 1.645 1.511 1.710 4.384 7.690 7.273 8.051 8.282 8.244 9.996 8.502 4.326 4.640 1.225 4.669 7.103 6.641 3.988 2.954 3.792 5.726 7.763 5.671 4.665 4.381 4.588 3.274 2.503 2.951 3.344 5.936 5.059 8.158 10.329 9.812 7.058 4.358 2.759 2.634 4.971 2.845 3.068 3.895 0.735 0.055 3.984 5.195 5.572 4.917 4.436 4.889 5.305 4.355 5.525 5.567 3.102 0.915 1.466 -999.000 -999.000 -999.000 -999.000 -999.000 -999.000 -999.000 -999.000
1.829 2.362 0.986 3.494 3.141 4.570 4.853 5.877 6.962 7.373 9.838 10.535 9.545 11.650 9.352 8.579 5.841 2.619 2.546 3.316 4.825 7.451 6.992 4.934 3.217 4.065 5.160 5.540 4.976 4.799 4.264 2.689 1.289 3.505 4.073 3.064 4.423 6.569 11.783 10.890 8.716 6.487 5.435 6.688 4.652 1.066 1.731 1.635 2.088 2.087 5.920 4.289 2.437 2.782 3.414 3.742 4.775 2.282 3.501 5.804 5.329 4.087 2.085 -999.000 -999.000 -999.000 -999.000 -999.000 -999.000 -999.000 -999.000
2.991 0.629 2.815 3.719 6.287 6.577 8.257 9.064 8.639 8.500 12.559 11.502 12.669 8.742 6.251 7.550 6.120 4.920 2.273 2.541 4.737 4.700 3.946 5.467 2.745 2.998 4.206 2.800 2.722 2.446 2.735 1.820 1.597 2.889 2.416 2.894 2.604 6.110 10.514 11.017 10.316 9.356 9.213 7.105 5.369 4.604 3.577 1.959 1.458 0.436 1.488 3.187 2.349 1.420 2.385 4.406 4.497 0.913 2.502 3.709 3.843 2.522 -999.000 -999.000 -999.000 -999.000 -999.000 -999.000 -999.000 -999.000 -999.000
