tests/2D_interpolations/2009-01-19T12.00_TA_ref.asc
ncols               386
nrows               229
xllcorner    479497.492
yllcorner     73502.967
cellsize       1000.000
NODATA_value -999
[rows 174 to 202 of 229, columns 66 to 131 of 386]
-999.000 -999.000 -999.000 -999.000 -999.000 -999.000 -999.000 -999.000 276.843 278.298 279.658 284.085 285.664 289.633 289.704 289.687 289.689 289.668 289.587 288.544 287.165 285.168 280.375 280.246 280.995 280.022 278.437 279.691 278.298 276.488 275.775 272.572 267.573 266.694 263.885 261.839 266.003 274.080 271.550 271.047 271.137 271.792 269.814 273.158 277.703 278.200 276.999 269.910 270.589 276.287 273.885 276.578 279.456 282.045 283.821 279.906 279.019 279.403 280.994 283.808 284.989 286.310 287.648 288.120 288.267 288.209
-999.000 -999.000 -999.000 -999.000 -999.000 -999.000 -999.000 -999.000 -999.000 -999.000 276.828 280.880 281.225 288.497 289.672 289.687 289.687 289.680 289.634 289.548 289.064 285.566 282.388 283.098 282.754 280.405 280.487 278.396 276.475 274.195 273.390 277.411 276.178 273.484 271.915 271.373 274.190 275.776 277.896 278.706 276.119 271.085 270.678 272.712 275.355 279.242 279.047 270.555 273.958 277.982 275.825 279.033 280.821 283.768 282.496 280.255 279.917 280.754 281.902 284.639 287.294 288.021 288.145 288.394 288.249 287.984
-999.000 -999.000 -999.000 -999.000 -999.000 -999.000 -999.000 -999.000 -999.000 -999.000 275.259 279.285 279.939 286.761 289.630 289.650 289.635 289.637 289.613 289.551 289.376 286.941 284.689 285.896 283.786 282.270 280.830 280.576 279.653 279.439 279.953 278.461 273.094 273.843 272.757 273.371 276.106 278.505 279.982 277.381 270.351 269.739 272.513 273.802 277.216 279.668 280.513 274.200 275.867 280.295 279.441 281.228 282.837 285.076 284.004 281.448 282.077 283.321 284.273 286.931 288.321 288.488 288.201 287.894 283.633 281.896
-999.000 -999.000 -999.000 -999.000 -999.000 -999.000 -999.000 -999.000 -999.000 -999.000 276.618 278.799 278.243 283.934 288.278 289.487 289.638 289.636 289.628 289.481 289.248 288.491 287.994 284.811 282.387 281.439 283.720 281.680 279.208 277.686 275.096 270.548 272.715 273.093 271.948 271.097 275.422 277.904 279.964 278.166 272.082 270.625 273.436 277.169 280.934 282.014 279.224 277.664 280.548 282.652 281.466 282.899 284.596 286.060 282.211 283.593 285.946 286.185 287.577 288.532 288.534 288.518 287.686 283.576 278.813 274.907
-999.000 -999.000 -999.000 -999.000 -999.000 -999.000 -999.000 -999.000 -999.000 -999.000 276.837 277.256 275.794 279.934 285.349 286.491 289.557 289.600 289.586 289.398 289.187 288.678 288.242 287.776 285.519 286.047 282.091 277.512 276.329 275.580 273.176 275.680 272.418 270.605 268.859 271.545 275.856 271.634 277.758 281.926 273.842 272.692 275.971 279.574 281.727 285.123 278.820 280.786 282.732 283.985 283.724 284.747 286.817 285.741 284.238 286.756 288.499 288.610 288.594 288.530 288.310 284.426 284.569 284.670 280.548 280.637
-999.000 -999.000 -999.000 -999.000 -999.000 -999.000 -999.000 -999.000 -999.000 275.703 275.269 274.077 275.561 278.470 282.154 286.361 289.426 289.516 289.551 289.539 289.374 287.901 287.273 287.355 283.465 282.583 284.021 282.597 281.537 277.195 277.739 273.352 267.019 266.148 271.119 274.390 272.167 269.462 278.093 282.300 274.855 274.621 279.386 282.305 284.179 282.594 282.831 283.148 284.636 285.634 285.097 285.878 288.474 287.615 288.518 288.665 288.523 288.611 287.661 287.068 284.856 280.570 281.323 285.361 283.256 279.682
-999.000 -999.000 -999.000 -999.000 -999.000 -999.000 -999.000 -999.000 277.768 277.707 276.618 277.390 277.111 277.931 282.941 286.549 288.811 289.430 289.538 289.521 289.474 289.329 289.076 286.269 280.794 279.522 279.595 279.792 278.227 278.089 274.443 270.159 266.838 269.182 271.363 271.002 267.528 272.250 277.060 281.972 279.850 278.530 280.530 283.615 287.088 284.983 285.049 285.546 286.025 285.985 287.370 288.684 288.681 288.671 288.682 288.219 287.514 285.540 284.436 281.939 280.407 278.660 280.827 280.360 285.806 278.762
-999.000 -999.000 -999.000 -999.000 -999.000 -999.000 -999.000 276.759 277.670 280.163 280.525 279.867 281.080 280.010 284.229 287.221 286.606 287.714 287.008 289.537 289.504 289.093 288.517 286.858 280.995 277.618 276.895 274.364 278.665 273.154 267.552 267.989 268.803 269.213 268.172 265.174 266.224 268.618 275.001 280.848 283.445 282.443 284.195 285.665 287.521 285.694 286.456 286.163 288.023 288.638 288.700 288.688 288.689 288.046 284.613 284.390 282.822 281.557 279.563 280.508 275.992 274.950 278.964 277.162 283.527 281.325
-999.000 -999.000 -999.000 -999.000 -999.000 -999.000 -999.000 276.359 279.720 276.896 276.733 276.881 279.018 283.239 286.491 284.782 283.019 283.848 282.960 288.263 289.261 288.135 287.750 285.483 277.736 276.417 273.618 273.924 278.683 271.649 269.035 269.405 271.522 273.009 271.996 274.677 271.070 270.635 277.841 281.899 284.173 285.280 287.347 287.933 288.496 288.453 286.419 288.609 288.552 288.731 288.661 288.576 287.566 281.796 281.038 280.578 279.163 276.229 276.526 280.654 274.770 271.309 273.641 277.968 281.976 280.910
-999.000 -999.000 -999.000 -999.000 -999.000 -999.000 -999.000 277.635 277.461 275.129 277.334 279.299 282.031 285.878 283.653 282.047 278.304 280.352 282.600 285.842 286.883 289.360 288.461 280.710 276.599 274.383 269.092 274.843 277.216 270.453 269.045 271.426 270.075 276.149 277.777 280.210 282.085 281.058 278.237 284.520 285.357 288.739 288.790 288.731 288.655 288.583 288.757 288.780 288.733 288.643 287.451 285.437 286.728 281.459 277.693 276.752 276.964 272.992 272.336 276.822 275.456 270.660 271.310 275.108 279.741 282.103
-999.000 -999.000 -999.000 -999.000 -999.000 -999.000 275.748 277.507 275.773 276.150 278.318 278.947 282.832 284.759 282.381 277.619 276.392 276.800 282.030 285.066 289.152 289.421 286.176 280.579 278.897 271.815 268.109 272.450 269.076 268.533 270.096 275.199 273.891 276.275 280.625 283.616 284.666 284.774 280.733 284.791 288.622 288.714 288.806 288.795 288.793 288.782 288.792 287.685 285.675 284.372 283.356 284.394 287.614 281.313 278.194 275.123 272.909 271.103 270.604 274.680 273.045 267.783 270.019 274.284 277.793 281.935
-999.000 -999.000 -999.000 -999.000 -999.000 -999.000 274.592 275.281 273.807 275.727 277.692 281.273 284.612 282.226 279.588 276.590 275.189 277.723 281.534 284.051 289.121 289.341 287.386 281.240 275.691 270.114 268.363 269.714 269.220 269.759 270.836 274.087 278.297 280.092 280.182 281.993 283.369 286.755 287.361 288.362 288.780 288.783 288.792 288.790 288.793 287.157 285.343 283.561 281.982 280.740 280.626 282.991 286.694 282.113 278.205 275.293 272.373 270.027 268.030 269.736 271.044 266.576 269.568 271.284 275.174 280.305
-999.000 -999.000 -999.000 -999.000 -999.000 -999.000 272.424 273.746 274.174 275.545 278.157 282.138 284.720 280.248 280.046 274.098 274.657 280.188 279.489 278.494 285.696 288.814 288.994 283.077 279.179 273.141 266.768 267.271 268.793 271.269 271.796 273.153 276.161 280.705 281.443 284.097 283.385 287.631 287.982 288.506 288.817 288.792 287.540 285.243 283.936 285.579 281.259 279.569 278.301 277.439 277.845 281.298 286.873 281.866 279.193 277.628 276.411 271.650 267.359 269.362 269.552 267.800 266.550 269.656 274.656 278.831
-999.000 -999.000 -999.000 -999.000 -999.000 -999.000 272.451 276.148 278.045 278.843 280.098 283.129 282.522 276.677 274.430 275.711 271.593 275.983 272.948 278.087 281.753 287.758 288.616 286.956 281.028 277.647 272.247 269.567 269.250 268.498 271.701 274.276 275.002 279.378 284.450 286.822 288.649 288.511 288.561 288.801 288.762 285.286 281.817 280.765 282.814 284.367 281.401 277.080 274.174 273.644 275.799 279.948 285.555 283.280 279.749 276.862 273.522 270.625 267.129 269.358 267.445 267.008 269.257 270.219 273.631 277.795
-999.000 -999.000 -999.000 -999.000 -999.000 272.539 275.569 275.948 274.348 278.849 282.946 283.080 278.166 277.434 272.253 269.155 266.055 271.437 274.628 281.148 283.829 284.788 288.886 288.092 281.576 274.220 272.797 271.104 270.261 266.863 273.009 277.217 274.268 280.952 285.911 288.770 288.853 288.831 288.777 287.910 282.798 280.551 278.922 278.855 278.856 282.816 279.349 279.230 273.734 272.764 275.452 279.758 284.380 285.391 279.580 275.727 271.872 268.724 266.144 267.602 265.581 266.687 267.840 271.085 276.276 277.883
-999.000 -999.000 -999.000 -999.000 -999.000 275.286 275.936 275.303 277.622 280.898 282.109 278.804 274.853 272.201 269.095 263.641 264.954 273.252 278.546 279.508 277.056 284.375 289.016 289.017 283.475 275.361 270.451 271.614 273.228 272.439 278.437 280.475 281.372 287.326 288.872 288.853 288.836 288.830 287.546 281.777 277.451 276.553 275.526 275.026 278.475 280.849 276.354 273.632 272.192 271.884 276.747 281.894 282.471 283.080 282.794 278.492 275.915 269.798 266.751 265.795 264.171 266.299 268.408 271.312 277.127 272.435
-999.000 -999.000 -999.000 -999.000 -999.000 277.698 278.911 278.765 279.308 281.594 282.178 275.953 270.552 269.271 263.292 266.424 269.229 270.547 273.002 275.219 275.405 280.390 287.491 289.008 285.157 278.558 273.716 270.536 277.957 280.309 283.538 285.802 287.628 288.873 288.860 288.850 288.859 286.999 281.275 283.326 277.779 276.369 271.678 271.314 276.670 278.585 273.031 271.148 269.444 272.366 278.999 281.800 278.378 280.506 283.008 281.240 275.848 271.974 268.945 266.040 265.813 266.163 267.016 271.584 274.548 268.162
-999.000 -999.000 -999.000 -999.000 -999.000 274.891 276.568 278.401 279.095 276.544 278.606 277.027 268.562 269.373 268.216 271.288 273.204 272.822 272.144 271.713 269.307 279.142 285.684 289.005 285.881 280.580 273.789 277.208 283.112 285.391 288.357 288.888 288.842 288.865 288.835 288.475 286.072 281.812 279.008 281.447 281.608 276.257 273.405 270.167 275.091 277.410 272.917 269.182 268.801 271.609 278.821 278.337 273.752 275.334 277.940 282.701 278.612 275.315 272.686 269.205 265.881 266.734 266.514 266.238 273.429 267.149
-999.000 -999.000 -999.000 -999.000 -999.000 272.265 275.824 274.518 273.018 269.684 272.687 274.705 272.284 270.625 266.407 271.609 274.105 274.106 273.731 278.632 279.466 280.455 284.678 288.975 288.814 282.717 277.245 281.810 286.035 288.513 288.904 288.851 288.796 287.460 286.668 285.169 281.676 278.650 276.991 278.554 276.981 277.618 273.240 268.956 273.374 275.481 271.109 268.215 268.818 270.915 277.727 277.417 271.792 270.644 272.353 277.920 281.767 276.035 270.122 267.151 263.936 264.145 264.861 266.696 271.744 268.275
-999.000 -999.000 -999.000 -999.000 -999.000 -999.000 -999.000 -999.000 -999.000 -999.000 273.036 272.621 270.994 267.090 262.506 269.835 273.928 271.931 269.561 269.581 272.822 276.785 283.729 287.676 288.967 287.433 282.474 286.996 288.768 288.907 288.913 288.911 288.114 283.270 283.106 278.953 276.766 273.358 273.584 276.006 273.800 273.144 272.521 270.152 273.583 274.378 269.472 265.860 268.475 272.594 277.110 275.858 272.422 267.903 270.685 274.812 278.670 278.633 273.006 270.932 266.443 263.504 266.467 267.752 270.877 268.154
-999.000 -999.000 -999.000 -999.000 -999.000 -999.000 -999.000 -999.000 -999.000 -999.000 -999.000 -999.000 -999.000 266.693 266.002 264.492 267.269 269.462 266.904 272.653 275.470 280.811 283.919 286.416 288.949 288.916 288.557 288.911 288.915 288.917 288.909 288.675 284.273 279.887 280.052 275.566 272.629 270.377 271.662 272.425 274.922 268.014 269.463 269.524 274.109 272.793 268.177 265.484 267.120 271.440 276.346 275.183 271.084 266.423 269.732 270.434 275.217 278.861 278.198 273.123 268.837 267.710 264.917 268.162 270.867 266.926
-999.000 -999.000 -999.000 -999.000 -999.000 -999.000 -999.000 -999.000 -999.000 -999.000 -999.000 -999.000 -999.000 269.717 269.335 268.694 273.587 273.879 273.121 273.671 279.329 282.968 287.293 280.980 287.996 288.898 288.881 288.904 288.910 288.914 288.117 283.426 278.180 275.985 274.004 271.523 271.948 272.906 274.143 271.082 271.815 270.220 268.392 271.279 271.908 272.642 267.727 265.510 264.236 268.499 273.126 276.448 269.359 264.014 267.959 271.405 275.425 276.140 279.803 276.032 272.899 269.909 265.476 267.115 269.508 266.943
-999.000 -999.000 -999.000 -999.000 -999.000 -999.000 -999.000 -999.000 -999.000 -999.000 -999.000 -999.000 267.232 273.562 269.089 269.740 271.049 271.014 272.082 279.726 282.035 286.484 279.682 277.253 282.021 286.004 288.819 288.858 288.896 286.936 282.682 278.280 276.491 278.113 280.252 275.063 275.218 277.102 277.231 273.705 270.570 267.816 267.788 270.364 269.105 271.494 269.176 265.280 262.266 268.274 272.009 276.446 271.466 266.646 267.758 271.900 268.650 273.445 277.840 279.421 275.531 271.276 266.997 263.215 266.706 269.827
-999.000 -999.000 -999.000 -999.000 -999.000 -999.000 -999.000 -999.000 -999.000 -999.000 -999.000 -999.000 268.080 274.042 272.936 269.230 268.940 272.141 273.875 278.765 285.203 279.407 276.385 279.931 284.609 288.639 288.725 286.392 283.301 280.071 278.231 276.731 279.450 281.294 283.072 278.874 280.258 279.014 278.194 275.087 271.331 267.364 265.104 268.336 265.436 266.476 268.548 266.707 264.466 267.457 270.514 275.480 272.086 266.280 268.730 270.344 265.484 268.952 273.324 279.511 276.804 272.258 268.507 266.453 264.108 268.083
-999.000 -999.000 -999.000 -999.000 -999.000 -999.000 -999.000 -999.000 -999.000 -999.000 -999.000 -999.000 268.880 274.039 272.701 268.038 273.181 275.139 278.785 280.118 282.498 274.774 277.784 282.500 287.615 286.653 283.258 283.246 281.695 280.686 282.879 279.391 282.738 285.151 284.730 285.218 284.546 282.304 278.396 274.397 270.314 269.362 268.147 263.168 264.686 263.680 266.831 266.865 264.177 263.056 267.916 273.567 272.349 266.712 266.859 267.336 266.749 268.750 273.271 278.359 276.175 272.825 269.480 267.552 266.474 265.261
-999.000 -999.000 -999.000 -999.000 -999.000 -999.000 -999.000 -999.000 -999.000 -999.000 -999.000 -999.000 269.461 272.218 273.879 268.457 272.803 278.051 283.930 281.078 275.618 274.912 281.872 285.395 287.755 284.854 287.334 286.226 284.618 285.648 286.437 286.461 286.258 286.139 284.591 280.349 284.882 284.889 281.263 276.596 272.070 271.278 269.740 266.692 262.140 262.423 265.278 264.211 264.129 265.373 268.265 269.676 264.903 264.701 262.839 262.935 266.892 270.258 274.409 278.764 277.720 275.695 273.562 269.585 262.917 262.861
-999.000 -999.000 -999.000 -999.000 -999.000 -999.000 -999.000 -999.000 -999.000 -999.000 -999.000 267.241 269.124 271.741 274.034 274.035 275.858 280.552 280.414 279.849 273.743 276.357 282.468 280.132 282.735 285.822 284.838 280.791 276.886 276.596 280.830 284.208 285.838 281.616 278.550 277.012 281.392 283.479 284.523 279.858 275.911 272.881 268.652 264.106 264.745 265.628 263.469 263.314 262.636 265.365 266.444 269.670 265.028 259.229 260.313 261.868 265.485 269.312 275.216 273.906 272.745 274.073 275.179 269.671 265.003 261.528
-999.000 -999.000 -999.000 -999.000 -999.000 -999.000 -999.000 -999.000 -999.000 -999.000 -999.000 270.806 269.393 272.043 -999.000 -999.000 278.192 282.258 276.763 277.441 277.973 279.101 276.792 275.555 275.499 277.849 283.410 275.632 270.689 270.892 276.914 283.075 284.268 279.216 273.717 275.948 279.615 281.907 283.922 284.208 281.200 276.301 272.013 265.903 268.636 267.041 263.253 262.880 263.412 266.990 268.754 269.663 264.226 262.253 260.746 264.237 265.610 268.521 274.611 271.036 264.708 268.508 273.774 272.156 267.688 262.994
-999.000 -999.000 -999.000 -999.000 -999.000 -999.000 -999.000 -999.000 -999.000 -999.000 -999.000 269.791 267.436 -999.000 -999.000 -999.000 -999.000 278.985 274.978 276.628 278.621 272.878 273.262 272.218 273.045 279.055 280.002 279.189 272.544 269.337 277.131 282.977 283.475 277.714 272.725 274.527 277.297 278.994 280.404 282.597 282.521 281.501 274.065 268.701 271.177 267.569 266.779 263.495 264.873 264.943 267.807 269.656 267.128 262.847 261.933 264.043 269.532 270.940 275.207 269.625 265.609 261.375 268.871 273.616 267.530 265.330
