tests/2D_interpolations/2009-01-19T12.00_HNW_ref.asc
ncols               386
nrows               229
xllcorner    479497.492
yllcorner     73502.967
cellsize       1000.000
NODATA_value -999
[rows 99 to 131 of 229, columns 73 to 145 of 386]
0.058 0.052 0.046 0.042 0.036 0.034 0.034 0.034 0.034 0.034 0.034 0.034 0.034 0.034 0.034 0.034 0.034 0.034 0.034 0.034 0.034 0.034 0.034 0.034 0.034 0.034 0.035 0.035 0.035 0.037 0.042 0.041 0.045 0.037 0.044 0.041 0.042 0.049 0.048 0.048 0.043 0.048 0.047 0.046 0.046 0.046 0.045 0.041 0.043 0.040 0.044 0.048 0.051 0.058 0.070 0.069 0.048 0.066 0.067 0.074 0.069 0.062 0.056 0.063 0.057 0.066 0.055 0.061 0.060 0.060 0.050 0.054 0.055
0.048 0.043 0.039 0.036 0.034 0.034 0.034 0.034 0.034 0.034 0.034 0.034 0.034 0.034 0.034 0.034 0.034 0.034 0.034 0.034 0.035 0.036 0.034 0.034 0.034 0.034 0.035 0.035 0.035 0.038 0.039 0.040 0.040 0.045 0.037 0.042 0.038 0.043 0.041 0.045 0.043 0.042 0.041 0.042 0.038 0.040 0.044 0.039 0.042 0.044 0.045 0.043 0.047 0.053 0.058 0.058 0.056 0.067 0.063 0.069 0.071 0.058 0.063 0.064 0.063 0.067 0.058 0.061 0.063 0.063 0.050 0.053 0.066
0.044 0.039 0.038 0.035 0.034 0.034 0.034 0.034 0.034 0.034 0.034 0.034 0.034 0.034 0.034 0.034 0.034 0.035 0.037 0.043 0.049 0.044 0.035 0.034 0.034 0.034 0.035 0.037 0.038 0.036 0.038 0.039 0.037 0.043 0.042 0.045 0.047 0.040 0.043 0.040 0.038 0.041 0.038 0.040 0.044 0.044 0.044 0.045 0.044 0.044 0.044 0.044 0.046 0.045 0.050 0.054 0.050 0.057 0.066 0.071 0.065 0.054 0.071 0.069 0.072 0.060 0.065 0.060 0.073 0.063 0.053 0.051 0.067
0.040 0.037 0.039 0.035 0.034 0.034 0.034 0.034 0.034 0.034 0.034 0.034 0.034 0.034 0.034 0.036 0.038 0.039 0.039 0.041 0.038 0.034 0.034 0.034 0.034 0.035 0.035 0.039 0.041 0.039 0.040 0.042 0.038 0.046 0.051 0.056 0.052 0.052 0.051 0.047 0.048 0.049 0.042 0.044 0.044 0.044 0.044 0.044 0.041 0.047 0.046 0.046 0.054 0.054 0.047 0.044 0.047 0.058 0.062 0.070 0.067 0.056 0.074 0.071 0.071 0.066 0.067 0.068 0.073 0.069 0.054 0.051 0.064
0.039 0.040 0.036 0.034 0.034 0.034 0.034 0.034 0.034 0.034 0.034 0.034 0.034 0.035 0.037 0.039 0.042 0.043 0.037 0.034 0.034 0.034 0.034 0.034 0.034 0.036 0.042 0.044 0.040 0.040 0.039 0.042 0.038 0.046 0.050 0.053 0.048 0.045 0.044 0.045 0.046 0.046 0.046 0.045 0.044 0.044 0.043 0.040 0.042 0.044 0.044 0.044 0.049 0.056 0.057 0.056 0.045 0.055 0.061 0.062 0.055 0.064 0.077 0.069 0.073 0.081 0.078 0.072 0.073 0.065 0.060 0.053 0.052
0.038 0.037 0.034 0.034 0.034 0.034 0.034 0.034 0.034 0.034 0.034 0.034 0.039 0.039 0.041 0.045 0.046 0.038 0.034 0.034 0.034 0.034 0.034 0.035 0.039 0.043 0.044 0.043 0.043 0.039 0.041 0.042 0.038 0.042 0.047 0.050 0.046 0.048 0.048 0.049 0.050 0.047 0.046 0.045 0.050 0.047 0.045 0.043 0.040 0.042 0.043 0.045 0.044 0.046 0.047 0.051 0.045 0.052 0.061 0.055 0.055 0.064 0.064 0.066 0.067 0.070 0.084 0.078 0.073 0.058 0.054 0.057 0.066
0.034 0.034 0.034 0.034 0.034 0.034 0.034 0.034 0.034 0.034 0.034 0.038 0.041 0.042 0.043 0.042 0.035 0.034 0.034 0.034 0.034 0.034 0.035 0.036 0.043 0.044 0.045 0.045 0.043 0.043 0.041 0.041 0.043 0.045 0.047 0.049 0.048 0.051 0.050 0.051 0.053 0.052 0.045 0.048 0.052 0.046 0.049 0.053 0.049 0.043 0.040 0.041 0.045 0.047 0.045 0.047 0.053 0.047 0.051 0.057 0.065 0.059 0.062 0.068 0.074 0.073 0.077 0.078 0.068 0.055 0.054 0.063 0.067
0.034 0.034 0.034 0.034 0.034 0.034 0.034 0.034 0.034 0.034 0.037 0.038 0.040 0.039 0.039 0.034 0.034 0.034 0.034 0.034 0.034 0.035 0.037 0.038 0.043 0.045 0.046 0.046 0.043 0.042 0.042 0.041 0.039 0.045 0.046 0.048 0.051 0.050 0.049 0.050 0.052 0.047 0.052 0.052 0.049 0.050 0.049 0.060 0.065 0.048 0.042 0.040 0.041 0.046 0.045 0.045 0.048 0.048 0.050 0.053 0.057 0.059 0.063 0.075 0.069 0.069 0.070 0.071 0.056 0.060 0.058 0.055 0.065
0.034 0.034 0.034 0.034 0.034 0.034 0.034 0.034 0.034 0.036 0.039 0.040 0.040 0.036 0.034 0.035 0.034 0.034 0.034 0.034 0.036 0.036 0.038 0.043 0.046 0.043 0.044 0.046 0.043 0.043 0.042 0.043 0.039 0.046 0.046 0.049 0.050 0.048 0.051 0.051 0.050 0.048 0.054 0.059 0.050 0.053 0.056 0.059 0.055 0.050 0.044 0.041 0.041 0.041 0.044 0.045 0.047 0.049 0.051 0.059 0.060 0.062 0.059 0.062 0.059 0.060 0.067 0.065 0.056 0.068 0.070 0.065 0.056
0.034 0.034 0.034 0.034 0.034 0.034 0.034 0.034 0.036 0.039 0.041 0.041 0.039 0.035 0.035 0.035 0.034 0.035 0.035 0.035 0.036 0.039 0.043 0.047 0.045 0.042 0.042 0.042 0.045 0.043 0.039 0.040 0.040 0.040 0.044 0.045 0.042 0.045 0.046 0.052 0.049 0.054 0.053 0.050 0.051 0.054 0.067 0.068 0.066 0.068 0.057 0.042 0.041 0.041 0.041 0.043 0.047 0.047 0.054 0.060 0.069 0.070 0.056 0.055 0.054 0.054 0.058 0.057 0.060 0.062 0.072 0.077 0.060
0.034 0.034 0.034 0.034 0.034 0.034 0.035 0.037 0.039 0.038 0.039 0.039 0.037 0.035 0.035 0.035 0.035 0.035 0.039 0.038 0.036 0.044 0.044 0.047 0.045 0.047 0.044 0.045 0.046 0.043 0.044 0.045 0.045 0.046 0.043 0.044 0.047 0.044 0.044 0.044 0.048 0.048 0.053 0.053 0.056 0.061 0.061 0.068 0.069 0.069 0.066 0.052 0.041 0.042 0.041 0.041 0.045 0.047 0.053 0.061 0.069 0.062 0.052 0.057 0.062 0.066 0.070 0.064 0.068 0.068 0.073 0.081 0.076
0.034 0.034 0.034 0.034 0.034 0.036 0.039 0.039 0.039 0.039 0.037 0.035 0.035 0.035 0.035 0.035 0.035 0.037 0.040 0.038 0.042 0.041 0.042 0.045 0.047 0.047 0.051 0.046 0.043 0.044 0.044 0.046 0.049 0.050 0.047 0.048 0.047 0.045 0.051 0.054 0.054 0.051 0.053 0.056 0.057 0.056 0.061 0.066 0.076 0.071 0.064 0.049 0.042 0.065 0.044 0.041 0.042 0.046 0.049 0.055 0.053 0.052 0.054 0.067 0.067 0.072 0.064 0.071 0.079 0.079 0.078 0.084 0.079
0.034 0.034 0.034 0.034 0.037 0.038 0.039 0.039 0.038 0.036 0.035 0.035 0.035 0.035 0.035 0.035 0.037 0.041 0.045 0.044 0.047 0.047 0.046 0.046 0.050 0.050 0.048 0.042 0.045 0.045 0.047 0.048 0.049 0.050 0.050 0.048 0.051 0.050 0.052 0.055 0.057 0.051 0.058 0.064 0.064 0.069 0.067 0.059 0.066 0.069 0.064 0.045 0.042 0.065 0.062 0.041 0.042 0.044 0.049 0.051 0.056 0.052 0.058 0.067 0.074 0.082 0.076 0.085 0.085 0.087 0.071 0.076 0.076
0.034 0.034 0.034 0.037 0.038 0.039 0.040 0.039 0.036 0.035 0.035 0.035 0.035 0.035 0.036 0.039 0.042 0.049 0.040 0.044 0.046 0.046 0.045 0.045 0.052 0.052 0.046 0.043 0.045 0.047 0.050 0.052 0.051 0.049 0.048 0.054 0.054 0.051 0.056 0.062 0.062 0.051 0.049 0.055 0.062 0.067 0.074 0.071 0.068 0.066 0.062 0.044 0.042 0.064 0.063 0.052 0.042 0.042 0.049 0.055 0.065 0.051 0.064 0.077 0.078 0.087 0.093 0.086 0.081 0.077 0.074 0.064 0.063
0.034 0.034 0.037 0.038 0.039 0.040 0.039 0.037 0.035 0.035 0.035 0.035 0.035 0.036 0.041 0.045 0.046 0.045 0.045 0.048 0.048 0.047 0.051 0.051 0.046 0.045 0.042 0.046 0.047 0.050 0.053 0.052 0.055 0.052 0.052 0.055 0.057 0.052 0.057 0.058 0.052 0.056 0.063 0.060 0.063 0.064 0.063 0.069 0.075 0.072 0.068 0.045 0.042 0.062 0.066 0.060 0.042 0.042 0.048 0.053 0.064 0.052 0.070 0.082 0.083 0.075 0.073 0.075 0.073 0.075 0.067 0.075 0.079
0.034 0.037 0.038 0.038 0.039 0.040 0.036 0.035 0.035 0.035 0.035 0.035 0.036 0.039 0.045 0.049 0.051 0.041 0.049 0.047 0.049 0.051 0.054 0.052 0.044 0.045 0.046 0.046 0.048 0.050 0.054 0.053 0.055 0.052 0.053 0.056 0.056 0.063 0.056 0.055 0.059 0.059 0.062 0.062 0.061 0.061 0.062 0.063 0.081 0.080 0.074 0.051 0.042 0.048 0.065 0.054 0.043 0.042 0.044 0.053 0.064 0.049 0.056 0.058 0.065 0.073 0.077 0.076 0.086 0.075 0.068 0.076 0.091
0.043 0.040 0.039 0.038 0.038 0.036 0.036 0.035 0.036 0.036 0.036 0.037 0.039 0.041 0.043 0.044 0.043 0.048 0.049 0.050 0.052 0.053 0.048 0.043 0.046 0.047 0.046 0.048 0.052 0.051 0.053 0.052 0.058 0.054 0.054 0.055 0.057 0.062 0.061 0.053 0.063 0.065 0.053 0.058 0.065 0.063 0.068 0.072 0.066 0.071 0.069 0.053 0.043 0.043 0.049 0.050 0.047 0.042 0.045 0.049 0.050 0.050 0.057 0.070 0.077 0.085 0.087 0.080 0.083 0.079 0.069 0.084 0.089
0.046 0.043 0.042 0.037 0.037 0.036 0.036 0.036 0.036 0.036 0.037 0.038 0.039 0.044 0.047 0.046 0.051 0.051 0.053 0.053 0.052 0.047 0.046 0.049 0.050 0.045 0.048 0.051 0.054 0.052 0.053 0.052 0.058 0.051 0.056 0.060 0.057 0.061 0.052 0.060 0.064 0.062 0.060 0.063 0.057 0.068 0.079 0.079 0.075 0.078 0.070 0.057 0.046 0.043 0.043 0.048 0.048 0.042 0.043 0.045 0.046 0.058 0.070 0.085 0.092 0.085 0.077 0.078 0.077 0.079 0.078 0.071 0.078
0.045 0.049 0.041 0.038 0.038 0.038 0.041 0.036 0.036 0.038 0.038 0.041 0.041 0.044 0.046 0.051 0.051 0.053 0.055 0.057 0.049 0.050 0.050 0.049 0.049 0.052 0.042 0.052 0.055 0.052 0.052 0.053 0.052 0.052 0.063 0.070 0.060 0.057 0.052 0.063 0.064 0.066 0.064 0.064 0.059 0.069 0.063 0.062 0.062 0.064 0.067 0.061 0.048 0.043 0.043 0.049 0.048 0.043 0.043 0.045 0.046 0.054 0.067 0.068 0.076 0.072 0.071 0.078 0.074 0.075 0.075 0.074 0.078
0.047 0.043 0.045 0.046 0.041 0.041 0.039 0.037 0.036 0.039 0.041 0.052 0.047 0.044 0.047 0.051 0.053 0.054 0.054 0.052 0.049 0.051 0.053 0.054 0.054 0.051 0.044 0.053 0.053 0.050 0.052 0.060 0.062 0.058 0.063 0.066 0.063 0.065 0.064 0.067 0.064 0.069 0.065 0.061 0.059 0.060 0.062 0.066 0.072 0.064 0.061 0.061 0.053 0.044 0.044 0.050 0.046 0.043 0.043 0.045 0.049 0.048 0.050 0.057 0.061 0.064 0.069 0.068 0.073 0.073 0.074 0.079 0.083
0.049 0.048 0.048 0.051 0.045 0.043 0.038 0.037 0.037 0.040 0.049 0.051 0.051 0.048 0.048 0.048 0.049 0.049 0.052 0.050 0.052 0.053 0.056 0.056 0.053 0.050 0.045 0.053 0.055 0.055 0.054 0.055 0.058 0.061 0.065 0.064 0.063 0.056 0.071 0.066 0.066 0.073 0.067 0.065 0.065 0.063 0.071 0.080 0.077 0.076 0.064 0.063 0.056 0.044 0.044 0.052 0.044 0.045 0.044 0.048 0.055 0.058 0.062 0.070 0.071 0.067 0.067 0.068 0.073 0.073 0.077 0.082 0.094
0.044 0.051 0.054 0.051 0.044 0.040 0.037 0.036 0.039 0.040 0.045 0.049 0.050 0.047 0.051 0.049 0.049 0.049 0.053 0.054 0.052 0.049 0.048 0.053 0.051 0.044 0.045 0.058 0.058 0.054 0.057 0.057 0.056 0.060 0.060 0.062 0.067 0.064 0.072 0.072 0.077 0.075 0.074 0.067 0.066 0.062 0.069 0.077 0.079 0.075 0.070 0.069 0.064 0.045 0.045 0.046 0.047 0.044 0.043 0.043 0.044 0.059 0.051 0.057 0.058 0.052 0.052 0.054 0.058 0.075 0.085 0.086 0.081
0.048 0.054 0.055 0.051 0.042 0.039 0.038 0.036 0.040 0.048 0.051 0.053 0.051 0.052 0.054 0.056 0.058 0.055 0.054 0.054 0.050 0.046 0.049 0.047 0.050 0.050 0.053 0.057 0.060 0.055 0.056 0.060 0.064 0.062 0.060 0.067 0.070 0.076 0.077 0.080 0.082 0.089 0.079 0.070 0.066 0.064 0.071 0.067 0.067 0.068 0.072 0.076 0.060 0.046 0.049 0.053 0.049 0.044 0.044 0.044 0.044 0.045 0.047 0.051 0.058 0.064 0.071 0.077 0.080 0.068 0.070 0.078 0.081
0.053 0.056 0.050 0.045 0.043 0.038 0.037 0.038 0.047 0.053 0.058 0.053 0.053 0.053 0.058 0.061 0.058 0.057 0.056 0.054 0.050 0.051 0.051 0.045 0.048 0.051 0.049 0.056 0.057 0.059 0.060 0.066 0.071 0.070 0.069 0.064 0.064 0.078 0.079 0.095 0.095 0.081 0.073 0.075 0.070 0.070 0.071 0.077 0.080 0.084 0.076 0.066 0.050 0.047 0.054 0.050 0.050 0.046 0.044 0.044 0.044 0.045 0.047 0.053 0.067 0.077 0.080 0.085 0.077 0.075 0.078 0.090 0.096
0.054 0.054 0.045 0.044 0.045 0.038 0.037 0.047 0.050 0.055 0.056 0.055 0.055 0.055 0.058 0.058 0.057 0.059 0.053 0.051 0.053 0.053 0.046 0.053 0.053 0.056 0.057 0.057 0.053 0.058 0.064 0.067 0.067 0.071 0.071 0.070 0.064 0.068 0.083 0.079 0.081 0.088 0.087 0.084 0.088 0.080 0.084 0.082 0.093 0.090 0.081 0.063 0.050 0.048 0.054 0.053 0.051 0.049 0.045 0.045 0.045 0.044 0.048 0.073 0.074 0.080 0.085 0.087 0.084 0.080 0.087 0.084 0.102
0.050 0.044 0.049 0.047 0.038 0.037 0.044 0.046 0.053 0.057 0.055 0.055 0.057 0.058 0.058 0.057 0.057 0.054 0.051 0.056 0.054 0.047 0.051 0.055 0.059 0.059 0.059 0.063 0.057 0.057 0.059 0.068 0.071 0.075 0.080 0.072 0.067 0.066 0.070 0.072 0.081 0.094 0.100 0.101 0.103 0.090 0.098 0.095 0.103 0.105 0.086 0.072 0.053 0.051 0.052 0.052 0.051 0.049 0.045 0.045 0.045 0.045 0.044 0.057 0.068 0.080 0.091 0.100 0.102 0.085 0.091 0.101 0.114
0.049 0.054 0.052 0.049 0.038 0.043 0.048 0.053 0.056 0.059 0.059 0.058 0.058 0.056 0.057 0.058 0.057 0.055 0.056 0.057 0.056 0.054 0.047 0.060 0.063 0.061 0.060 0.060 0.059 0.063 0.065 0.060 0.072 0.078 0.078 0.069 0.067 0.067 0.075 0.084 0.095 0.108 0.122 0.126 0.108 0.114 0.120 0.106 0.109 0.114 0.091 0.070 0.059 0.053 0.056 0.055 0.051 0.050 0.046 0.046 0.045 0.045 0.044 0.045 0.061 0.074 0.076 0.093 0.101 0.096 0.096 0.106 0.119
0.054 0.052 0.051 0.038 0.039 0.046 0.054 0.057 0.062 0.061 0.064 0.058 0.054 0.053 0.054 0.053 0.051 0.049 0.055 0.056 0.055 0.055 0.053 0.058 0.061 0.066 0.062 0.065 0.066 0.068 0.068 0.068 0.064 0.071 0.070 0.070 0.065 0.074 0.088 0.103 0.120 0.122 0.114 0.113 0.120 0.133 0.127 0.128 0.123 0.114 0.087 0.084 0.067 0.055 0.056 0.058 0.053 0.051 0.049 0.048 0.045 0.045 0.044 0.044 0.046 0.056 0.078 0.083 0.082 0.082 0.097 0.110 0.133
0.054 0.051 0.047 0.038 0.042 0.052 0.058 0.060 0.063 0.064 0.059 0.054 0.056 0.052 0.054 0.053 0.053 0.053 0.054 0.054 0.055 0.056 0.049 0.060 0.061 0.064 0.068 0.070 0.077 0.072 0.077 0.079 0.070 0.075 0.082 0.077 0.070 0.077 0.096 0.103 0.098 0.107 0.104 0.100 0.115 0.113 0.114 0.124 0.116 0.102 0.107 0.105 0.081 0.064 0.058 0.054 0.055 0.052 0.052 0.050 0.047 0.044 0.044 0.044 0.044 0.044 0.063 0.077 0.070 0.083 0.097 0.119 0.138
0.048 0.049 0.039 0.046 0.050 0.055 0.062 0.061 0.060 0.060 0.055 0.054 0.053 0.056 0.059 0.058 0.060 0.059 0.059 0.059 0.059 0.057 0.054 0.068 0.076 0.077 0.071 0.078 0.083 0.090 0.100 0.094 0.073 0.091 0.098 0.100 0.086 0.069 0.071 0.080 0.082 0.093 0.092 0.088 0.092 0.108 0.113 0.120 0.132 0.118 0.116 0.113 0.104 0.089 0.073 0.057 0.054 0.055 0.055 0.053 0.047 0.050 0.045 0.044 0.044 0.044 0.044 0.055 0.063 0.073 0.088 0.130 0.095
0.049 0.040 0.040 0.051 0.057 0.057 0.062 0.057 0.057 0.055 0.055 0.056 0.056 0.061 0.061 0.062 0.062 0.066 0.062 0.061 0.058 0.054 0.063 0.070 0.070 0.063 0.075 0.090 0.100 0.107 0.093 0.079 0.084 0.102 0.123 0.116 0.100 0.072 0.096 0.098 0.087 0.094 0.102 0.111 0.104 0.127 0.129 0.136 0.141 0.143 0.138 0.150 0.149 0.118 0.119 0.093 0.072 0.055 0.050 0.050 0.050 0.051 0.048 0.045 0.044 0.044 0.044 0.044 0.044 0.048 0.066 0.081 0.113
0.050 0.039 0.042 0.054 0.059 0.062 0.058 0.056 0.056 0.058 0.061 0.058 0.062 0.067 0.068 0.068 0.076 0.076 0.073 0.069 0.061 0.054 0.060 0.064 0.059 0.068 0.081 0.097 0.122 0.104 0.087 0.095 0.088 0.109 0.129 0.115 0.087 0.080 0.106 0.111 0.087 0.112 0.113 0.111 0.115 0.158 0.155 0.156 0.152 0.131 0.132 0.129 0.125 0.129 0.149 0.122 0.103 0.095 0.063 0.050 0.051 0.048 0.047 0.052 0.045 0.044 0.044 0.044 0.044 0.044 0.049 0.085 0.117
0.041 0.043 0.051 0.055 0.063 0.060 0.057 0.057 0.060 0.064 0.064 0.062 0.064 0.071 0.079 0.076 0.080 0.092 0.079 0.073 0.065 0.057 0.055 0.058 0.063 0.074 0.090 0.113 0.121 0.100 0.088 0.111 0.107 0.103 0.116 0.102 0.081 0.098 0.115 0.115 0.089 0.108 0.122 0.109 0.139 0.159 0.136 0.120 0.126 0.128 0.118 0.100 0.133 0.136 0.142 0.141 0.159 0.148 0.126 0.083 0.061 0.052 0.047 0.049 0.050 0.050 0.045 0.044 0.044 0.044 0.044 0.077 0.086
