test/input/dischma.dem
ncols	128
nrows               154
xllcorner    782500.000
yllcorner    171700.000
cellsize       100.0000
NODATA_value -9999
[rows 76 to 113 of 154, columns 0 to 83 of 128]
2123 2082 2038 1995 1953 1912 1863 1820 1794 1786 1790 1815 1851 1889 1929 1973 2017 2059 2098 2133 2167 2203 2240 2286 2341 2392 2428 2466 2518 2584 2638 2636 2615 2596 2571 2548 2558 2577 2589 2593 2602 2630 2649 2621 2543 2458 2393 2334 2277 2233 2199 2169 2142 2124 2107 2086 2065 2042 2011 1978 1950 1930 1919 1914 1916 1930 1956 1992 2042 2101 2162 2227 2291 2344 2388 2429 2460 2491 2528 2568 2607 2629 2654 2718
2155 2114 2069 2026 1985 1944 1896 1853 1820 1793 1780 1803 1842 1880 1920 1966 2008 2048 2087 2126 2163 2200 2235 2282 2343 2396 2424 2453 2497 2544 2587 2610 2624 2618 2591 2568 2567 2569 2584 2615 2639 2659 2667 2622 2519 2418 2350 2295 2243 2203 2175 2158 2144 2137 2134 2123 2104 2080 2049 2014 1983 1954 1932 1919 1915 1923 1942 1972 2019 2082 2147 2211 2275 2330 2374 2416 2448 2478 2515 2557 2599 2623 2651 2708
2182 2140 2095 2051 2009 1967 1923 1881 1842 1804 1780 1795 1826 1861 1902 1949 1993 2035 2077 2116 2156 2195 2231 2272 2323 2367 2390 2415 2458 2502 2541 2582 2616 2622 2609 2603 2598 2594 2612 2649 2670 2672 2660 2596 2485 2379 2312 2260 2221 2192 2175 2173 2172 2173 2176 2169 2147 2119 2086 2049 2013 1977 1947 1928 1920 1924 1939 1965 2007 2067 2132 2196 2259 2315 2362 2405 2442 2476 2515 2559 2601 2634 2669 2727
2203 2160 2115 2070 2025 1979 1942 1908 1867 1822 1791 1789 1801 1830 1874 1924 1973 2021 2065 2105 2144 2188 2230 2261 2285 2307 2329 2355 2399 2448 2494 2544 2590 2615 2643 2666 2655 2641 2658 2692 2706 2675 2617 2539 2444 2352 2285 2233 2204 2196 2198 2213 2228 2235 2238 2230 2197 2155 2116 2079 2041 1999 1962 1939 1931 1934 1946 1969 2007 2060 2120 2179 2237 2294 2348 2397 2439 2479 2522 2566 2609 2661 2719 2778
2222 2179 2134 2088 2040 1994 1963 1934 1890 1838 1799 1782 1779 1803 1850 1900 1951 2003 2050 2090 2129 2175 2218 2242 2245 2251 2274 2299 2339 2391 2445 2505 2560 2609 2667 2708 2696 2676 2691 2725 2742 2680 2588 2496 2412 2329 2266 2219 2203 2213 2232 2262 2290 2304 2306 2294 2249 2196 2150 2112 2071 2023 1979 1952 1943 1945 1953 1973 2007 2053 2108 2164 2218 2275 2335 2388 2434 2479 2525 2569 2616 2684 2758 2808
2238 2198 2157 2112 2064 2017 1982 1948 1901 1847 1804 1781 1775 1793 1833 1878 1929 1980 2027 2068 2107 2155 2200 2219 2211 2209 2237 2274 2317 2369 2423 2477 2527 2573 2623 2662 2675 2684 2714 2754 2772 2697 2591 2492 2408 2330 2277 2241 2235 2257 2288 2329 2365 2378 2367 2342 2296 2243 2196 2153 2107 2052 2000 1966 1951 1947 1951 1966 1996 2039 2092 2152 2213 2271 2324 2373 2421 2466 2510 2551 2593 2655 2721 2768
2254 2219 2183 2141 2092 2045 2006 1964 1914 1860 1813 1786 1777 1789 1820 1860 1907 1957 2002 2041 2078 2131 2182 2198 2175 2163 2203 2258 2306 2355 2407 2453 2492 2531 2564 2594 2634 2680 2724 2775 2799 2712 2591 2489 2410 2338 2295 2269 2273 2306 2347 2396 2439 2449 2422 2382 2336 2287 2239 2192 2143 2081 2020 1979 1958 1949 1948 1958 1983 2023 2072 2137 2208 2266 2310 2353 2402 2449 2490 2524 2560 2612 2665 2708
2273 2243 2211 2173 2128 2083 2042 1998 1946 1888 1835 1801 1784 1787 1811 1846 1888 1933 1973 2009 2043 2093 2142 2160 2139 2128 2173 2231 2281 2330 2382 2424 2461 2498 2526 2551 2600 2653 2705 2760 2785 2697 2578 2479 2406 2346 2311 2294 2306 2344 2391 2444 2490 2497 2461 2413 2366 2316 2266 2219 2170 2103 2038 1991 1966 1951 1947 1953 1973 2008 2050 2114 2185 2241 2283 2327 2377 2425 2464 2494 2526 2571 2616 2654
2299 2271 2242 2209 2172 2131 2092 2049 1994 1927 1867 1825 1797 1792 1809 1839 1872 1908 1943 1977 2010 2047 2079 2101 2104 2110 2150 2199 2247 2300 2355 2401 2445 2482 2506 2530 2571 2613 2663 2711 2729 2657 2559 2468 2399 2347 2321 2316 2333 2368 2412 2471 2522 2526 2480 2424 2378 2330 2281 2235 2186 2120 2055 2005 1974 1955 1948 1953 1968 1992 2026 2083 2147 2202 2247 2293 2346 2398 2439 2470 2500 2537 2575 2609
2328 2301 2274 2247 2216 2180 2141 2100 2041 1968 1902 1853 1816 1802 1814 1837 1861 1889 1918 1950 1983 2012 2035 2058 2079 2099 2136 2179 2230 2285 2337 2390 2438 2471 2492 2515 2550 2585 2633 2675 2684 2622 2541 2457 2392 2346 2329 2334 2354 2385 2427 2490 2545 2546 2491 2426 2383 2339 2294 2249 2200 2135 2071 2019 1984 1960 1951 1954 1963 1976 2003 2054 2112 2164 2211 2258 2317 2373 2419 2451 2480 2511 2543 2574
2357 2331 2306 2279 2249 2214 2173 2127 2069 2001 1938 1887 1847 1827 1827 1838 1861 1890 1914 1937 1964 2000 2036 2072 2106 2137 2172 2208 2250 2293 2336 2393 2448 2484 2504 2528 2571 2615 2662 2701 2706 2636 2544 2461 2399 2354 2341 2349 2371 2404 2445 2498 2541 2540 2496 2440 2400 2358 2315 2271 2222 2158 2094 2040 1998 1967 1955 1954 1960 1969 1990 2033 2084 2134 2181 2232 2297 2361 2412 2449 2482 2510 2540 2570
2387 2360 2337 2311 2280 2246 2201 2149 2091 2031 1973 1921 1880 1854 1841 1841 1864 1897 1919 1929 1950 1996 2048 2096 2146 2190 2221 2247 2280 2309 2341 2402 2464 2501 2519 2542 2595 2651 2698 2733 2738 2655 2548 2463 2405 2362 2353 2362 2385 2422 2464 2505 2530 2529 2500 2455 2417 2378 2337 2294 2246 2183 2119 2063 2014 1975 1960 1957 1959 1965 1982 2016 2059 2105 2152 2206 2278 2351 2408 2450 2488 2515 2542 2575
2419 2390 2365 2338 2309 2277 2229 2175 2118 2060 2003 1950 1907 1875 1854 1847 1866 1896 1916 1925 1946 1997 2056 2113 2171 2225 2255 2279 2305 2327 2351 2408 2467 2502 2518 2539 2595 2653 2694 2720 2718 2639 2538 2461 2406 2366 2363 2376 2401 2436 2477 2516 2540 2539 2511 2467 2431 2394 2355 2311 2263 2203 2142 2084 2031 1989 1970 1963 1961 1963 1975 2000 2036 2078 2126 2180 2255 2331 2390 2436 2477 2507 2538 2579
2451 2419 2390 2363 2338 2309 2259 2203 2146 2087 2028 1975 1930 1893 1867 1855 1865 1884 1902 1919 1945 1998 2062 2122 2179 2233 2270 2299 2324 2344 2365 2410 2456 2486 2497 2514 2569 2625 2658 2662 2643 2587 2519 2454 2402 2367 2370 2391 2417 2448 2485 2532 2570 2570 2528 2476 2443 2410 2370 2320 2268 2216 2165 2109 2052 2005 1983 1972 1965 1963 1971 1987 2011 2050 2099 2155 2227 2300 2358 2403 2446 2481 2519 2572
2481 2446 2416 2390 2368 2338 2286 2229 2170 2111 2053 2000 1952 1909 1877 1859 1862 1874 1890 1910 1938 1995 2062 2129 2188 2241 2285 2319 2341 2358 2378 2412 2450 2474 2482 2492 2543 2595 2623 2612 2582 2543 2498 2445 2397 2370 2377 2403 2432 2459 2492 2546 2593 2593 2543 2486 2456 2426 2384 2331 2276 2233 2190 2135 2074 2024 1998 1984 1973 1967 1969 1977 1992 2024 2073 2129 2196 2266 2325 2369 2411 2453 2498 2560
2522 2479 2440 2412 2386 2350 2301 2247 2193 2140 2088 2030 1974 1924 1885 1860 1858 1867 1881 1899 1928 1987 2057 2130 2197 2259 2312 2354 2376 2384 2393 2419 2448 2473 2487 2500 2552 2604 2628 2613 2585 2545 2500 2449 2409 2386 2390 2410 2433 2459 2492 2541 2583 2585 2547 2499 2469 2439 2401 2355 2307 2261 2214 2159 2100 2050 2017 1995 1979 1970 1968 1973 1985 2012 2055 2105 2166 2228 2285 2331 2376 2426 2479 2548
2568 2516 2465 2432 2403 2363 2316 2266 2214 2168 2122 2058 1994 1938 1892 1860 1854 1860 1871 1887 1916 1976 2048 2126 2204 2275 2337 2392 2416 2411 2412 2432 2454 2480 2504 2522 2576 2632 2652 2631 2600 2560 2514 2465 2428 2406 2405 2418 2436 2458 2490 2534 2567 2572 2550 2513 2483 2453 2419 2382 2342 2293 2239 2183 2130 2081 2041 2008 1987 1977 1972 1974 1984 2005 2041 2086 2138 2191 2245 2293 2340 2396 2459 2531
2600 2553 2508 2474 2440 2399 2344 2289 2235 2189 2142 2075 2008 1949 1898 1861 1850 1853 1862 1876 1906 1967 2040 2119 2201 2277 2345 2405 2436 2437 2442 2468 2494 2525 2554 2579 2621 2664 2675 2656 2631 2590 2542 2496 2459 2430 2422 2427 2440 2460 2489 2533 2568 2578 2560 2528 2498 2467 2434 2402 2367 2319 2267 2216 2164 2114 2071 2033 2007 1992 1983 1979 1984 2000 2028 2066 2113 2164 2215 2263 2313 2371 2435 2507
2607 2584 2572 2544 2501 2454 2384 2309 2249 2199 2147 2083 2019 1958 1902 1860 1848 1850 1857 1868 1895 1957 2032 2111 2190 2267 2333 2391 2431 2455 2478 2518 2562 2601 2638 2668 2677 2674 2678 2689 2686 2637 2575 2528 2493 2462 2443 2433 2441 2464 2493 2543 2590 2603 2579 2544 2512 2477 2445 2417 2387 2345 2300 2253 2199 2147 2106 2071 2040 2016 2000 1991 1991 1999 2015 2043 2091 2146 2197 2245 2296 2352 2412 2480
2617 2609 2620 2596 2546 2494 2413 2325 2259 2208 2153 2093 2031 1967 1908 1862 1848 1850 1854 1861 1885 1944 2019 2096 2172 2249 2316 2371 2420 2463 2500 2554 2611 2658 2700 2736 2716 2680 2678 2713 2725 2671 2603 2557 2527 2499 2468 2444 2447 2471 2502 2555 2608 2624 2596 2563 2529 2492 2459 2435 2408 2373 2336 2292 2239 2188 2148 2114 2079 2047 2023 2008 2002 2003 2008 2026 2072 2129 2179 2226 2278 2332 2390 2456
2644 2619 2609 2575 2523 2470 2399 2326 2268 2220 2171 2111 2047 1982 1922 1874 1856 1853 1855 1862 1884 1935 2001 2069 2139 2212 2280 2341 2394 2440 2480 2537 2595 2642 2684 2717 2697 2665 2661 2682 2690 2659 2618 2587 2557 2528 2498 2474 2469 2487 2511 2554 2597 2616 2607 2590 2555 2514 2479 2456 2432 2403 2373 2340 2303 2263 2215 2168 2125 2087 2055 2031 2015 2007 2007 2020 2056 2102 2149 2200 2256 2316 2378 2446
2661 2616 2578 2537 2483 2427 2373 2323 2275 2234 2191 2131 2066 2000 1940 1890 1867 1858 1858 1866 1886 1928 1980 2041 2104 2171 2242 2308 2363 2408 2448 2503 2556 2601 2643 2673 2656 2632 2626 2632 2634 2631 2629 2614 2584 2555 2529 2508 2499 2507 2525 2555 2583 2605 2620 2622 2585 2537 2500 2479 2457 2432 2408 2385 2368 2343 2285 2220 2170 2129 2092 2058 2032 2017 2012 2020 2043 2076 2119 2174 2233 2299 2369 2437
2638 2587 2545 2506 2455 2399 2356 2316 2279 2246 2210 2154 2090 2024 1961 1907 1878 1865 1861 1866 1885 1918 1964 2021 2081 2145 2217 2284 2339 2382 2423 2470 2515 2555 2591 2613 2597 2577 2575 2582 2589 2603 2617 2618 2604 2593 2566 2542 2530 2535 2550 2570 2589 2611 2638 2650 2616 2568 2531 2505 2480 2457 2436 2415 2403 2384 2328 2263 2213 2169 2127 2089 2056 2034 2025 2025 2040 2064 2103 2155 2211 2277 2347 2412
2597 2549 2512 2478 2438 2394 2353 2314 2284 2262 2232 2182 2123 2055 1984 1923 1889 1871 1862 1866 1882 1909 1949 2004 2067 2133 2206 2276 2330 2370 2407 2444 2478 2506 2525 2536 2528 2518 2521 2535 2550 2567 2586 2605 2630 2648 2614 2574 2561 2573 2590 2597 2603 2624 2660 2681 2654 2614 2574 2532 2495 2472 2451 2429 2411 2389 2345 2298 2252 2206 2163 2121 2083 2056 2046 2043 2049 2066 2097 2140 2190 2250 2314 2374
2566 2519 2485 2455 2426 2396 2359 2321 2298 2283 2260 2212 2157 2088 2010 1943 1903 1878 1866 1867 1881 1904 1939 1990 2054 2123 2196 2266 2319 2355 2387 2414 2438 2455 2461 2463 2464 2463 2469 2488 2511 2536 2562 2600 2655 2693 2659 2613 2601 2618 2636 2629 2624 2645 2688 2714 2690 2654 2608 2553 2506 2480 2459 2439 2417 2392 2362 2328 2286 2242 2200 2157 2114 2085 2073 2066 2063 2071 2093 2127 2171 2225 2282 2338
2560 2513 2481 2454 2429 2404 2380 2357 2339 2327 2306 2254 2192 2120 2040 1969 1921 1889 1871 1870 1880 1898 1929 1979 2045 2115 2182 2245 2292 2326 2354 2374 2391 2403 2406 2408 2417 2427 2442 2464 2491 2523 2557 2606 2676 2730 2713 2685 2679 2695 2710 2689 2666 2674 2706 2720 2693 2651 2604 2558 2518 2489 2465 2443 2421 2400 2378 2352 2320 2283 2245 2206 2168 2133 2105 2084 2072 2073 2089 2118 2156 2204 2257 2311
2568 2522 2491 2466 2442 2418 2407 2401 2386 2372 2352 2293 2223 2148 2066 1992 1939 1899 1877 1873 1881 1894 1919 1966 2035 2106 2165 2217 2258 2291 2317 2332 2342 2351 2354 2357 2377 2403 2426 2449 2477 2512 2550 2606 2689 2756 2756 2748 2750 2766 2783 2749 2705 2704 2726 2731 2698 2647 2600 2567 2536 2503 2475 2452 2430 2412 2398 2382 2357 2328 2294 2260 2227 2186 2139 2101 2083 2077 2087 2111 2145 2188 2236 2287
2605 2558 2526 2498 2477 2455 2439 2427 2409 2391 2367 2307 2235 2159 2080 2011 1955 1911 1887 1879 1884 1893 1912 1954 2019 2086 2136 2180 2217 2246 2269 2284 2295 2307 2314 2324 2352 2387 2418 2446 2478 2509 2545 2599 2678 2741 2750 2751 2760 2784 2808 2784 2751 2750 2769 2776 2738 2684 2634 2600 2560 2526 2497 2475 2455 2438 2432 2423 2406 2380 2346 2309 2273 2223 2166 2121 2095 2084 2088 2108 2138 2177 2221 2267
2657 2610 2572 2546 2537 2521 2481 2435 2406 2382 2350 2291 2223 2152 2088 2029 1972 1925 1898 1889 1891 1893 1905 1940 2001 2061 2101 2135 2166 2188 2206 2227 2247 2266 2285 2305 2338 2376 2414 2454 2493 2518 2543 2584 2631 2672 2686 2694 2710 2742 2774 2790 2808 2824 2842 2853 2811 2750 2697 2650 2598 2564 2536 2514 2495 2480 2482 2483 2469 2436 2395 2355 2312 2253 2188 2137 2107 2092 2093 2109 2135 2171 2211 2251
2703 2661 2623 2599 2596 2586 2524 2454 2412 2381 2342 2282 2216 2150 2096 2047 1989 1940 1909 1898 1897 1895 1899 1928 1983 2035 2064 2089 2112 2130 2145 2172 2198 2222 2248 2280 2316 2358 2403 2450 2493 2512 2530 2556 2579 2599 2616 2628 2652 2691 2729 2780 2837 2873 2896 2912 2875 2815 2764 2712 2657 2623 2593 2568 2548 2536 2542 2552 2537 2496 2451 2403 2354 2288 2215 2153 2120 2103 2102 2115 2137 2167 2203 2238
2750 2719 2688 2662 2648 2630 2571 2509 2467 2438 2400 2327 2245 2172 2114 2060 2003 1955 1920 1906 1904 1902 1906 1926 1958 1988 2011 2031 2052 2069 2085 2109 2134 2158 2188 2222 2258 2300 2347 2399 2447 2473 2495 2523 2548 2570 2585 2597 2619 2652 2686 2735 2788 2829 2866 2898 2897 2881 2857 2814 2767 2727 2690 2662 2648 2641 2637 2634 2618 2586 2544 2474 2397 2318 2244 2181 2145 2124 2120 2133 2152 2170 2193 2219
2798 2778 2752 2722 2692 2662 2611 2561 2523 2499 2468 2378 2277 2197 2133 2074 2020 1972 1935 1919 1916 1917 1924 1935 1942 1951 1968 1986 2005 2023 2038 2058 2077 2098 2129 2163 2196 2234 2282 2337 2389 2423 2455 2486 2518 2545 2559 2572 2590 2611 2638 2678 2718 2762 2809 2851 2895 2937 2939 2906 2867 2822 2776 2744 2739 2737 2719 2697 2680 2666 2634 2539 2428 2341 2272 2210 2172 2147 2141 2156 2175 2180 2186 2204
2857 2832 2798 2761 2723 2686 2631 2579 2536 2514 2486 2397 2296 2220 2160 2103 2047 1996 1960 1942 1932 1937 1949 1955 1951 1956 1972 1987 1999 2013 2022 2034 2047 2065 2089 2115 2142 2176 2223 2280 2336 2376 2412 2446 2478 2507 2522 2536 2552 2569 2594 2630 2666 2709 2757 2798 2866 2931 2952 2932 2902 2852 2799 2763 2753 2749 2730 2706 2690 2680 2652 2556 2444 2361 2297 2240 2200 2174 2166 2178 2194 2192 2191 2204
2934 2891 2827 2775 2733 2691 2623 2554 2507 2486 2459 2384 2302 2237 2192 2146 2088 2031 1992 1964 1945 1966 2001 2009 1993 1994 2010 2025 2034 2047 2050 2052 2054 2062 2068 2078 2101 2133 2177 2233 2290 2331 2369 2404 2435 2462 2479 2495 2513 2535 2563 2597 2633 2671 2706 2743 2812 2874 2905 2905 2884 2828 2766 2720 2695 2678 2667 2658 2645 2634 2607 2529 2444 2374 2319 2272 2232 2202 2192 2198 2207 2205 2204 2216
2993 2932 2846 2778 2729 2675 2599 2520 2474 2456 2429 2369 2303 2253 2223 2193 2137 2077 2034 1998 1974 2008 2061 2074 2051 2045 2067 2084 2095 2105 2104 2093 2083 2076 2067 2062 2077 2104 2141 2193 2248 2290 2330 2365 2395 2422 2441 2460 2481 2509 2540 2574 2611 2642 2668 2700 2771 2832 2870 2882 2866 2801 2730 2678 2640 2611 2602 2598 2590 2579 2556 2495 2430 2371 2329 2297 2259 2229 2219 2221 2228 2225 2224 2234
2973 2908 2817 2748 2698 2645 2575 2505 2463 2441 2415 2369 2320 2284 2262 2241 2199 2154 2114 2083 2060 2068 2092 2107 2113 2131 2171 2207 2214 2194 2165 2145 2128 2111 2092 2077 2077 2088 2114 2159 2209 2252 2293 2333 2367 2398 2418 2437 2461 2493 2529 2568 2607 2646 2680 2719 2803 2882 2928 2944 2933 2862 2781 2721 2678 2640 2618 2598 2574 2549 2517 2461 2403 2356 2325 2303 2274 2251 2248 2257 2268 2261 2253 2257
2942 2872 2775 2706 2662 2612 2552 2496 2457 2431 2405 2373 2344 2321 2302 2285 2261 2233 2197 2173 2155 2128 2107 2123 2167 2213 2277 2340 2346 2286 2227 2205 2184 2159 2134 2110 2093 2084 2097 2135 2179 2220 2262 2305 2346 2383 2403 2421 2451 2489 2533 2578 2620 2665 2708 2750 2847 2947 2998 3014 3007 2928 2835 2770 2725 2683 2646 2608 2569 2525 2479 2427 2376 2337 2319 2306 2286 2273 2276 2296 2314 2301 2284 2283
2902 2834 2745 2685 2643 2596 2541 2489 2447 2421 2403 2382 2365 2355 2348 2341 2322 2297 2255 2220 2193 2154 2124 2141 2197 2251 2326 2400 2417 2357 2299 2278 2255 2220 2187 2155 2124 2101 2103 2127 2157 2194 2236 2279 2323 2367 2393 2419 2460 2510 2564 2621 2672 2719 2760 2800 2876 2961 3002 3011 3003 2931 2843 2779 2735 2693 2651 2606 2559 2505 2450 2403 2360 2331 2319 2312 2299 2293 2302 2325 2346 2335 2318 2314
