test/input/dischma.dem
ncols	128
nrows               154
xllcorner    782500.000
yllcorner    171700.000
cellsize       100.0000
NODATA_value -9999
[rows 38 to 75 of 154, columns 0 to 83 of 128]
2046 2069 2091 2110 2126 2146 2179 2217 2258 2305 2348 2363 2372 2394 2424 2455 2509 2556 2549 2485 2411 2363 2320 2280 2249 2224 2192 2158 2121 2077 2031 1987 1943 1896 1855 1817 1768 1725 1701 1692 1697 1732 1779 1828 1883 1939 1990 2040 2089 2134 2179 2230 2282 2328 2369 2414 2480 2549 2604 2644 2663 2620 2556 2514 2487 2457 2423 2393 2367 2358 2354 2343 2327 2310 2292 2269 2246 2224 2192 2149 2118 2118 2131 2159
2055 2075 2094 2112 2129 2150 2184 2222 2263 2307 2349 2383 2416 2449 2489 2525 2558 2577 2559 2484 2402 2356 2318 2283 2267 2255 2230 2201 2168 2131 2089 2038 1985 1933 1884 1837 1788 1745 1714 1695 1691 1714 1750 1793 1844 1899 1952 2007 2058 2104 2151 2203 2253 2299 2344 2393 2449 2506 2568 2625 2660 2654 2636 2609 2569 2529 2476 2422 2384 2374 2368 2354 2338 2320 2298 2274 2252 2230 2204 2173 2150 2146 2153 2167
2059 2077 2093 2110 2129 2151 2183 2221 2263 2306 2347 2396 2446 2487 2533 2577 2596 2599 2568 2487 2400 2359 2327 2302 2294 2288 2269 2244 2215 2182 2144 2088 2028 1974 1919 1865 1816 1771 1732 1704 1692 1701 1725 1761 1808 1860 1915 1972 2023 2071 2120 2171 2220 2265 2313 2363 2413 2462 2529 2601 2650 2680 2701 2689 2643 2598 2534 2462 2415 2401 2386 2368 2349 2329 2306 2282 2261 2240 2218 2196 2180 2172 2173 2177
2050 2069 2087 2106 2126 2149 2181 2216 2255 2293 2332 2376 2421 2460 2502 2542 2567 2580 2569 2525 2474 2419 2363 2330 2324 2314 2298 2278 2251 2217 2179 2128 2075 2025 1974 1923 1870 1818 1770 1730 1702 1698 1709 1734 1774 1821 1874 1931 1983 2033 2083 2134 2184 2226 2262 2302 2362 2424 2493 2565 2619 2659 2690 2699 2686 2668 2600 2520 2462 2433 2402 2383 2367 2349 2323 2298 2273 2251 2232 2219 2210 2198 2191 2185
2032 2053 2076 2097 2119 2144 2175 2208 2243 2277 2311 2348 2383 2418 2454 2489 2523 2549 2560 2573 2567 2493 2402 2362 2359 2347 2330 2312 2284 2247 2208 2164 2120 2075 2032 1987 1930 1871 1817 1763 1720 1703 1701 1715 1745 1786 1836 1891 1943 1994 2046 2098 2149 2188 2208 2237 2309 2388 2459 2523 2580 2624 2661 2690 2721 2734 2667 2577 2512 2469 2424 2404 2391 2371 2341 2314 2286 2260 2244 2243 2241 2225 2209 2196
2010 2031 2055 2080 2106 2134 2165 2199 2232 2263 2297 2330 2362 2395 2427 2457 2496 2529 2553 2588 2604 2542 2463 2429 2418 2398 2374 2347 2312 2274 2234 2195 2155 2114 2076 2036 1983 1926 1869 1810 1758 1728 1711 1711 1731 1762 1805 1856 1906 1957 2009 2063 2116 2158 2179 2208 2280 2360 2425 2483 2541 2593 2638 2686 2741 2770 2722 2646 2581 2522 2463 2433 2413 2386 2355 2327 2297 2270 2256 2259 2260 2246 2228 2211
1982 2003 2027 2054 2086 2119 2153 2190 2224 2259 2294 2329 2362 2392 2417 2444 2480 2512 2540 2574 2593 2577 2556 2534 2495 2455 2419 2378 2335 2296 2257 2217 2178 2141 2106 2071 2026 1980 1927 1868 1815 1769 1734 1721 1729 1749 1783 1825 1871 1919 1970 2029 2087 2135 2173 2214 2277 2344 2403 2449 2498 2556 2613 2672 2738 2780 2773 2745 2684 2590 2505 2459 2424 2391 2363 2337 2308 2282 2268 2268 2268 2259 2247 2231
1950 1973 1997 2028 2065 2102 2140 2179 2217 2253 2290 2327 2363 2391 2411 2432 2460 2488 2526 2563 2585 2609 2631 2614 2560 2514 2466 2413 2361 2321 2280 2238 2199 2165 2134 2101 2067 2030 1980 1923 1868 1810 1761 1736 1732 1741 1764 1799 1840 1884 1934 1999 2063 2115 2163 2214 2270 2329 2383 2420 2457 2517 2580 2653 2729 2784 2809 2817 2759 2643 2541 2486 2439 2400 2374 2347 2318 2292 2280 2280 2280 2274 2265 2248
1919 1945 1975 2010 2051 2092 2127 2162 2199 2240 2279 2318 2354 2384 2406 2426 2453 2481 2513 2541 2563 2599 2632 2637 2615 2589 2534 2470 2408 2357 2307 2263 2222 2186 2156 2125 2094 2060 2014 1958 1901 1840 1786 1751 1734 1730 1743 1768 1805 1852 1906 1968 2031 2084 2133 2183 2241 2300 2354 2395 2436 2495 2557 2628 2704 2759 2787 2796 2751 2653 2565 2509 2461 2418 2391 2365 2339 2318 2307 2300 2294 2288 2280 2263
1887 1918 1953 1992 2038 2083 2114 2141 2177 2222 2266 2305 2342 2373 2396 2417 2444 2472 2498 2511 2528 2571 2614 2638 2655 2654 2593 2519 2452 2389 2332 2286 2243 2206 2177 2147 2119 2086 2043 1990 1932 1869 1812 1769 1739 1723 1726 1741 1774 1825 1881 1940 1998 2050 2098 2147 2206 2267 2322 2369 2414 2471 2529 2596 2666 2721 2747 2755 2724 2650 2577 2529 2484 2441 2412 2386 2364 2349 2336 2320 2307 2301 2295 2279
1859 1893 1931 1973 2020 2067 2097 2123 2159 2203 2245 2285 2323 2354 2378 2400 2423 2448 2466 2476 2494 2542 2590 2624 2654 2662 2606 2534 2471 2409 2350 2306 2264 2230 2201 2172 2148 2119 2077 2024 1967 1902 1842 1794 1756 1731 1723 1729 1754 1801 1856 1910 1966 2019 2066 2115 2175 2236 2290 2340 2389 2441 2495 2553 2614 2666 2697 2711 2696 2649 2599 2559 2519 2478 2443 2405 2385 2372 2359 2341 2326 2317 2308 2291
1836 1872 1909 1952 1998 2042 2077 2109 2144 2179 2213 2256 2298 2330 2352 2373 2392 2410 2428 2443 2465 2508 2550 2584 2618 2630 2584 2520 2465 2414 2363 2324 2290 2259 2228 2198 2181 2161 2119 2063 2004 1939 1877 1827 1784 1752 1733 1728 1744 1785 1836 1885 1936 1986 2034 2083 2142 2203 2260 2313 2364 2412 2458 2507 2554 2597 2627 2645 2651 2662 2658 2621 2572 2527 2473 2419 2400 2390 2378 2364 2351 2334 2316 2297
1813 1848 1886 1929 1974 2016 2054 2091 2124 2151 2180 2222 2266 2298 2320 2340 2357 2372 2390 2409 2432 2471 2507 2542 2578 2597 2560 2505 2457 2419 2378 2346 2318 2292 2260 2228 2215 2200 2158 2098 2039 1975 1914 1863 1817 1778 1750 1733 1740 1774 1818 1861 1907 1955 2001 2050 2108 2170 2228 2284 2337 2381 2421 2461 2497 2530 2559 2579 2608 2664 2705 2675 2623 2572 2508 2439 2418 2409 2398 2386 2373 2349 2323 2303
1776 1815 1857 1902 1947 1989 2025 2061 2091 2119 2149 2183 2218 2248 2275 2301 2320 2338 2361 2388 2417 2452 2486 2520 2551 2568 2552 2522 2489 2452 2414 2388 2364 2337 2308 2277 2250 2221 2174 2110 2049 1995 1945 1899 1854 1814 1776 1747 1742 1762 1793 1832 1877 1923 1968 2015 2071 2130 2189 2247 2304 2348 2388 2426 2459 2491 2517 2539 2571 2623 2663 2671 2660 2624 2553 2482 2454 2436 2416 2400 2382 2355 2328 2307
1739 1782 1829 1875 1917 1958 1994 2029 2059 2086 2116 2142 2166 2195 2232 2264 2285 2305 2334 2374 2411 2443 2473 2501 2523 2537 2545 2549 2531 2489 2450 2431 2412 2385 2358 2328 2286 2239 2184 2116 2052 2012 1978 1939 1897 1857 1809 1767 1749 1754 1772 1807 1852 1895 1935 1980 2033 2089 2148 2209 2268 2316 2360 2398 2428 2457 2482 2504 2536 2574 2608 2660 2704 2683 2602 2525 2489 2461 2437 2416 2393 2363 2332 2310
1707 1750 1798 1842 1883 1924 1959 1992 2022 2051 2080 2105 2128 2161 2200 2236 2262 2287 2321 2364 2405 2433 2459 2484 2502 2514 2537 2558 2556 2528 2501 2482 2460 2426 2394 2359 2307 2252 2195 2130 2070 2041 2016 1982 1944 1903 1848 1798 1769 1760 1764 1791 1829 1868 1907 1951 1999 2052 2110 2173 2234 2283 2328 2367 2399 2429 2453 2478 2521 2564 2601 2667 2725 2709 2635 2571 2532 2499 2467 2441 2409 2375 2341 2316
1684 1723 1766 1810 1851 1892 1922 1949 1980 2014 2046 2077 2107 2142 2180 2216 2250 2284 2321 2363 2402 2426 2446 2466 2479 2490 2520 2548 2563 2568 2563 2537 2503 2460 2415 2369 2312 2253 2200 2148 2101 2079 2060 2031 1996 1955 1897 1841 1802 1778 1769 1782 1807 1841 1886 1934 1973 2015 2071 2137 2201 2248 2289 2330 2372 2411 2441 2473 2525 2577 2620 2681 2731 2721 2668 2620 2581 2541 2504 2472 2434 2394 2357 2329
1667 1700 1739 1781 1822 1862 1890 1913 1945 1985 2020 2054 2090 2127 2165 2203 2242 2281 2319 2359 2397 2418 2433 2446 2454 2466 2502 2538 2568 2597 2609 2576 2532 2483 2428 2371 2312 2252 2202 2162 2130 2117 2105 2083 2050 2008 1947 1887 1838 1801 1780 1781 1794 1822 1869 1917 1948 1982 2034 2102 2168 2214 2254 2298 2349 2396 2437 2478 2530 2585 2640 2695 2742 2742 2703 2659 2624 2585 2549 2514 2472 2425 2381 2347
1654 1682 1719 1759 1797 1838 1874 1908 1944 1981 2014 2046 2080 2116 2154 2192 2230 2268 2303 2340 2374 2395 2412 2429 2441 2456 2490 2526 2562 2598 2616 2579 2525 2467 2409 2352 2296 2243 2203 2177 2157 2153 2147 2127 2090 2043 1983 1923 1872 1829 1800 1791 1795 1813 1849 1890 1918 1952 2003 2068 2133 2182 2226 2273 2325 2376 2430 2485 2550 2619 2680 2708 2722 2724 2721 2711 2694 2670 2639 2587 2530 2473 2418 2372
1645 1668 1705 1741 1775 1815 1862 1910 1949 1981 2012 2040 2070 2105 2142 2179 2217 2252 2285 2316 2345 2369 2390 2410 2428 2447 2478 2511 2551 2594 2616 2573 2506 2441 2385 2330 2278 2233 2204 2193 2187 2191 2192 2173 2131 2079 2021 1964 1911 1864 1827 1809 1803 1810 1834 1865 1891 1924 1973 2035 2098 2150 2199 2249 2298 2351 2416 2487 2563 2649 2721 2713 2678 2681 2727 2755 2758 2755 2727 2658 2585 2521 2456 2401
1649 1662 1690 1721 1755 1795 1846 1897 1936 1965 1995 2023 2052 2087 2125 2162 2199 2233 2264 2291 2317 2343 2367 2390 2412 2435 2462 2493 2538 2589 2619 2573 2501 2428 2368 2312 2268 2233 2216 2215 2220 2235 2243 2228 2185 2128 2072 2015 1960 1910 1868 1837 1818 1813 1825 1846 1867 1897 1943 2002 2065 2116 2166 2217 2267 2323 2395 2471 2548 2636 2708 2687 2642 2648 2704 2743 2761 2773 2760 2702 2641 2571 2497 2434
1661 1659 1671 1696 1734 1778 1826 1875 1911 1934 1959 1990 2023 2060 2103 2145 2180 2213 2242 2265 2288 2315 2341 2368 2398 2426 2448 2474 2522 2584 2622 2580 2509 2433 2361 2300 2265 2245 2239 2245 2258 2285 2306 2295 2247 2187 2131 2075 2020 1969 1923 1879 1842 1823 1819 1827 1844 1872 1915 1972 2032 2081 2130 2180 2231 2289 2360 2433 2507 2588 2652 2638 2608 2613 2646 2674 2705 2730 2738 2726 2697 2622 2538 2468
1674 1659 1659 1677 1715 1758 1804 1852 1886 1904 1924 1958 1994 2034 2082 2128 2163 2195 2221 2242 2262 2290 2318 2349 2384 2418 2435 2457 2509 2580 2626 2586 2517 2438 2358 2293 2269 2261 2265 2279 2300 2338 2370 2362 2311 2248 2193 2138 2082 2029 1980 1922 1872 1838 1820 1814 1827 1851 1889 1942 1999 2046 2094 2144 2195 2251 2318 2388 2464 2542 2595 2583 2560 2561 2581 2612 2654 2690 2713 2734 2733 2661 2573 2503
1701 1675 1661 1669 1700 1738 1779 1821 1857 1881 1907 1944 1984 2024 2070 2113 2148 2180 2207 2228 2249 2278 2308 2338 2370 2400 2418 2439 2494 2573 2626 2585 2513 2434 2356 2294 2282 2288 2301 2320 2345 2391 2429 2425 2377 2314 2253 2191 2131 2078 2027 1961 1899 1855 1827 1812 1817 1835 1867 1913 1964 2010 2058 2111 2168 2228 2295 2363 2430 2490 2532 2533 2527 2537 2561 2594 2631 2666 2696 2738 2758 2693 2606 2536
1733 1695 1665 1664 1690 1723 1757 1793 1830 1863 1896 1937 1980 2020 2062 2103 2137 2168 2196 2220 2242 2272 2304 2333 2360 2386 2403 2424 2481 2569 2629 2586 2510 2429 2353 2294 2294 2316 2336 2357 2385 2436 2481 2482 2436 2374 2308 2238 2176 2126 2074 2001 1929 1876 1841 1818 1815 1826 1850 1888 1933 1975 2022 2078 2142 2208 2276 2344 2403 2439 2466 2485 2504 2524 2552 2587 2618 2644 2681 2745 2786 2726 2636 2567
1758 1713 1676 1667 1686 1713 1744 1777 1815 1853 1893 1934 1977 2018 2056 2093 2129 2161 2189 2214 2238 2269 2302 2332 2359 2385 2403 2424 2479 2565 2627 2587 2513 2434 2359 2296 2302 2329 2356 2377 2406 2458 2506 2514 2474 2420 2353 2281 2219 2170 2120 2045 1970 1911 1869 1838 1827 1828 1842 1870 1906 1945 1990 2046 2112 2181 2249 2315 2370 2402 2428 2460 2490 2518 2551 2589 2613 2637 2680 2747 2794 2756 2687 2624
1778 1733 1695 1680 1687 1706 1733 1768 1808 1854 1900 1940 1979 2016 2048 2081 2121 2159 2189 2213 2238 2269 2302 2334 2366 2396 2416 2441 2491 2567 2622 2587 2517 2442 2369 2306 2309 2334 2360 2381 2408 2458 2506 2520 2492 2448 2387 2319 2258 2211 2162 2092 2022 1960 1911 1874 1852 1842 1845 1858 1882 1917 1961 2015 2080 2148 2215 2279 2336 2377 2413 2447 2478 2513 2562 2608 2629 2648 2684 2731 2769 2777 2766 2718
1801 1755 1715 1694 1691 1703 1727 1761 1803 1854 1907 1946 1982 2016 2045 2074 2117 2159 2192 2216 2242 2274 2307 2340 2376 2408 2429 2454 2504 2572 2620 2590 2525 2452 2380 2321 2319 2339 2361 2378 2402 2451 2500 2521 2505 2470 2415 2352 2295 2249 2203 2137 2071 2009 1954 1911 1880 1860 1851 1851 1863 1894 1936 1988 2051 2119 2188 2253 2309 2358 2400 2436 2469 2513 2572 2621 2634 2648 2680 2716 2746 2797 2832 2797
1829 1782 1739 1712 1700 1701 1718 1747 1788 1842 1899 1942 1982 2020 2053 2086 2128 2170 2204 2231 2258 2290 2323 2354 2385 2413 2435 2461 2505 2562 2605 2596 2560 2498 2417 2347 2336 2346 2358 2373 2396 2437 2479 2513 2526 2516 2459 2386 2324 2280 2236 2172 2106 2045 1989 1941 1902 1874 1856 1849 1856 1882 1920 1970 2032 2101 2172 2241 2303 2355 2400 2439 2474 2510 2551 2586 2600 2614 2642 2676 2713 2787 2848 2835
1861 1813 1767 1733 1710 1701 1710 1732 1772 1828 1887 1935 1980 2021 2060 2097 2138 2178 2214 2244 2273 2306 2338 2367 2390 2413 2437 2464 2503 2545 2579 2598 2603 2551 2456 2374 2354 2351 2357 2370 2393 2424 2454 2498 2550 2569 2504 2415 2348 2307 2264 2201 2137 2077 2020 1968 1924 1888 1864 1851 1852 1873 1907 1954 2017 2086 2159 2232 2297 2353 2401 2442 2479 2508 2525 2542 2559 2577 2603 2633 2673 2772 2863 2870
1894 1845 1797 1758 1728 1709 1708 1723 1759 1814 1874 1923 1970 2012 2052 2093 2135 2176 2213 2246 2275 2307 2338 2366 2388 2409 2432 2457 2495 2532 2562 2593 2610 2568 2479 2404 2377 2367 2365 2374 2394 2424 2455 2507 2573 2604 2536 2443 2371 2326 2281 2222 2161 2104 2048 1997 1948 1906 1875 1857 1852 1868 1897 1941 2000 2065 2138 2213 2282 2340 2390 2430 2467 2493 2505 2519 2538 2559 2587 2619 2662 2773 2878 2904
1923 1876 1830 1788 1752 1725 1714 1719 1748 1800 1859 1906 1950 1992 2034 2075 2118 2159 2197 2234 2266 2296 2324 2352 2377 2401 2422 2446 2482 2516 2545 2575 2589 2555 2494 2438 2406 2388 2380 2384 2401 2433 2472 2529 2597 2629 2563 2470 2393 2335 2283 2230 2179 2127 2077 2029 1975 1925 1889 1865 1855 1866 1891 1928 1976 2033 2109 2188 2257 2316 2367 2406 2440 2469 2490 2510 2535 2564 2599 2634 2678 2788 2896 2932
1951 1907 1862 1817 1775 1743 1722 1717 1739 1788 1843 1887 1930 1972 2013 2055 2098 2138 2177 2217 2253 2280 2307 2335 2362 2389 2413 2438 2470 2501 2531 2560 2573 2551 2508 2463 2429 2407 2400 2400 2410 2447 2490 2551 2620 2656 2587 2491 2408 2342 2285 2238 2193 2146 2101 2057 1999 1945 1903 1876 1861 1866 1886 1916 1954 2004 2078 2159 2229 2286 2339 2381 2416 2448 2476 2501 2536 2576 2614 2648 2697 2800 2910 2957
1964 1923 1882 1840 1798 1763 1733 1717 1731 1775 1827 1870 1912 1955 1998 2042 2086 2129 2167 2201 2232 2259 2285 2314 2347 2379 2405 2433 2475 2522 2561 2578 2577 2547 2507 2467 2438 2418 2412 2412 2423 2470 2525 2585 2647 2675 2605 2509 2427 2359 2299 2252 2209 2163 2118 2073 2018 1965 1922 1892 1872 1873 1887 1911 1942 1985 2052 2127 2193 2252 2308 2354 2394 2433 2469 2503 2542 2585 2630 2680 2733 2800 2867 2916
1975 1940 1905 1864 1823 1787 1747 1718 1725 1765 1814 1855 1897 1940 1984 2029 2076 2122 2158 2185 2211 2237 2263 2295 2334 2372 2401 2432 2482 2551 2604 2605 2582 2547 2509 2473 2450 2432 2426 2427 2438 2494 2559 2617 2668 2687 2613 2516 2435 2366 2305 2259 2219 2174 2128 2083 2032 1982 1940 1907 1884 1881 1891 1908 1933 1969 2028 2094 2158 2218 2276 2326 2372 2416 2461 2503 2544 2586 2636 2707 2774 2793 2799 2849
2000 1966 1932 1893 1851 1814 1769 1733 1731 1764 1805 1843 1883 1926 1970 2014 2061 2107 2144 2170 2195 2221 2249 2285 2328 2373 2408 2443 2497 2572 2633 2623 2592 2559 2524 2488 2474 2465 2462 2461 2472 2527 2587 2628 2658 2656 2584 2492 2414 2349 2291 2246 2207 2168 2125 2082 2037 1993 1953 1920 1896 1890 1895 1907 1925 1955 2006 2065 2126 2186 2244 2299 2349 2397 2445 2491 2531 2572 2620 2690 2757 2761 2756 2805
2043 2006 1966 1925 1884 1846 1798 1760 1750 1769 1800 1833 1871 1913 1955 1997 2042 2087 2124 2154 2183 2212 2244 2283 2330 2379 2419 2460 2515 2593 2656 2641 2601 2568 2538 2505 2509 2523 2526 2515 2519 2566 2613 2630 2612 2576 2512 2439 2371 2313 2263 2218 2179 2143 2107 2070 2036 2001 1965 1932 1907 1899 1901 1908 1922 1947 1988 2039 2095 2153 2212 2272 2330 2380 2425 2468 2505 2543 2585 2636 2688 2703 2717 2774
2088 2047 2003 1961 1920 1879 1830 1788 1770 1778 1798 1826 1861 1899 1939 1981 2026 2070 2108 2141 2171 2205 2241 2284 2334 2383 2424 2467 2527 2608 2671 2652 2607 2574 2551 2528 2546 2577 2584 2566 2562 2597 2631 2624 2568 2499 2440 2381 2319 2271 2230 2190 2152 2122 2094 2063 2038 2013 1981 1948 1922 1910 1908 1911 1920 1940 1973 2016 2067 2124 2182 2246 2309 2362 2405 2444 2476 2509 2550 2591 2629 2648 2671 2741
