test/input/dischma.dem
ncols	128
nrows               154
xllcorner    782500.000
yllcorner    171700.000
cellsize       100.0000
NODATA_value -9999
[rows 0 to 37 of 154, columns 0 to 83 of 128]
1764 1731 1698 1666 1640 1618 1593 1571 1560 1558 1558 1557 1559 1567 1583 1599 1609 1617 1625 1632 1638 1640 1641 1640 1637 1633 1634 1638 1645 1653 1662 1669 1677 1683 1690 1700 1710 1718 1728 1736 1742 1752 1764 1783 1810 1837 1852 1868 1894 1926 1961 1985 2008 2035 2067 2102 2141 2180 2215 2244 2271 2289 2305 2329 2364 2396 2409 2417 2431 2451 2468 2480 2492 2510 2531 2556 2599 2640 2647 2620 2594 2595 2600 2604
1735 1705 1674 1644 1618 1596 1577 1562 1554 1555 1558 1561 1568 1581 1601 1623 1640 1654 1666 1676 1683 1685 1684 1680 1670 1658 1648 1640 1637 1640 1644 1650 1656 1659 1662 1669 1677 1685 1694 1704 1712 1721 1732 1748 1768 1788 1807 1830 1858 1891 1929 1955 1981 2011 2049 2089 2127 2165 2199 2229 2255 2273 2289 2311 2342 2370 2383 2393 2408 2428 2449 2464 2480 2504 2535 2564 2586 2603 2604 2586 2569 2574 2583 2589
1710 1681 1652 1625 1596 1573 1561 1554 1551 1552 1556 1564 1577 1595 1619 1648 1671 1692 1710 1725 1734 1738 1740 1734 1719 1703 1683 1662 1653 1652 1650 1655 1662 1663 1661 1664 1671 1679 1689 1701 1709 1716 1722 1732 1740 1748 1770 1801 1828 1859 1897 1924 1952 1985 2029 2075 2112 2146 2180 2212 2238 2257 2273 2293 2319 2343 2356 2367 2383 2404 2428 2448 2465 2494 2543 2581 2578 2562 2558 2556 2549 2559 2574 2581
1685 1658 1632 1609 1584 1563 1554 1550 1548 1550 1555 1563 1577 1599 1629 1664 1697 1726 1752 1772 1785 1791 1794 1788 1774 1760 1737 1713 1700 1695 1690 1691 1694 1694 1691 1694 1705 1716 1728 1739 1749 1755 1758 1762 1761 1758 1768 1786 1803 1830 1861 1887 1916 1952 1997 2045 2085 2123 2161 2194 2221 2240 2257 2277 2299 2319 2333 2345 2362 2386 2411 2437 2460 2489 2534 2568 2557 2534 2529 2532 2533 2544 2560 2574
1663 1638 1615 1596 1580 1566 1557 1551 1548 1549 1553 1557 1567 1590 1626 1666 1711 1756 1789 1813 1830 1837 1841 1838 1830 1823 1803 1782 1770 1766 1759 1752 1745 1743 1747 1756 1773 1792 1807 1818 1827 1835 1839 1838 1831 1820 1800 1779 1780 1802 1828 1851 1878 1913 1953 1997 2048 2098 2141 2174 2202 2226 2248 2267 2281 2296 2312 2328 2347 2369 2393 2431 2471 2496 2510 2522 2518 2509 2508 2517 2524 2533 2544 2561
1643 1622 1602 1586 1576 1568 1559 1552 1549 1548 1550 1551 1556 1580 1619 1663 1718 1773 1813 1839 1860 1869 1875 1878 1879 1878 1866 1850 1842 1841 1839 1825 1810 1808 1818 1830 1852 1877 1897 1909 1920 1928 1932 1924 1910 1892 1845 1792 1775 1791 1806 1822 1845 1876 1911 1953 2010 2070 2117 2151 2182 2210 2236 2254 2263 2273 2291 2311 2331 2352 2375 2419 2470 2494 2487 2481 2483 2482 2484 2499 2517 2525 2534 2553
1619 1603 1590 1578 1571 1565 1558 1552 1550 1549 1551 1551 1557 1579 1618 1661 1712 1764 1802 1827 1847 1856 1864 1875 1889 1903 1910 1913 1914 1913 1910 1897 1882 1878 1886 1895 1921 1949 1970 1981 1991 2002 2008 1997 1976 1949 1899 1845 1814 1804 1798 1808 1826 1852 1884 1925 1980 2039 2088 2124 2156 2183 2208 2228 2242 2257 2276 2295 2316 2337 2358 2394 2433 2454 2453 2454 2457 2462 2466 2481 2500 2511 2523 2551
1594 1584 1578 1571 1566 1561 1556 1552 1550 1550 1551 1551 1557 1577 1614 1655 1700 1743 1778 1801 1819 1827 1834 1852 1883 1912 1939 1968 1980 1977 1975 1966 1953 1949 1953 1960 1987 2018 2040 2048 2055 2070 2081 2069 2039 2004 1958 1910 1867 1828 1800 1802 1816 1835 1863 1900 1952 2008 2057 2094 2126 2154 2177 2198 2219 2239 2259 2279 2300 2320 2340 2366 2390 2409 2419 2426 2434 2444 2452 2466 2485 2498 2514 2548
1573 1568 1566 1563 1559 1556 1552 1549 1548 1549 1551 1550 1554 1571 1603 1640 1679 1717 1747 1769 1785 1794 1803 1828 1868 1908 1948 1989 2015 2023 2031 2028 2021 2020 2023 2031 2055 2084 2103 2112 2119 2132 2141 2131 2101 2063 2017 1968 1916 1863 1823 1813 1815 1823 1842 1871 1919 1973 2023 2061 2097 2125 2148 2170 2193 2214 2236 2258 2279 2298 2319 2341 2360 2377 2390 2399 2410 2424 2439 2455 2475 2498 2521 2555
1560 1557 1556 1554 1550 1548 1546 1544 1545 1547 1550 1549 1551 1565 1590 1620 1652 1684 1711 1734 1753 1761 1771 1800 1846 1893 1936 1977 2014 2048 2077 2084 2087 2090 2095 2103 2119 2135 2154 2174 2187 2191 2187 2176 2153 2119 2075 2026 1969 1909 1861 1835 1821 1815 1819 1835 1881 1936 1986 2029 2069 2097 2120 2142 2163 2184 2208 2234 2257 2278 2300 2318 2333 2350 2368 2382 2395 2409 2427 2443 2464 2501 2541 2578
1550 1548 1549 1548 1544 1542 1541 1541 1542 1546 1549 1547 1548 1558 1577 1601 1626 1650 1675 1698 1718 1725 1734 1764 1815 1870 1914 1955 2001 2055 2100 2119 2132 2142 2149 2159 2170 2180 2198 2225 2244 2242 2231 2219 2202 2171 2131 2084 2024 1957 1899 1860 1832 1816 1807 1810 1850 1902 1951 1996 2038 2066 2089 2111 2131 2151 2178 2206 2231 2255 2279 2293 2306 2324 2347 2367 2384 2400 2420 2437 2459 2505 2556 2598
1543 1541 1542 1542 1540 1539 1540 1540 1541 1543 1545 1543 1543 1550 1564 1581 1601 1622 1643 1662 1678 1689 1705 1736 1784 1837 1881 1923 1970 2024 2072 2105 2132 2154 2170 2188 2205 2222 2240 2263 2281 2282 2273 2265 2251 2222 2179 2127 2064 1995 1935 1892 1858 1834 1813 1804 1830 1869 1909 1955 1999 2028 2053 2077 2096 2117 2144 2173 2198 2223 2247 2264 2280 2300 2323 2344 2368 2393 2423 2454 2486 2528 2571 2603
1539 1538 1539 1540 1541 1542 1544 1545 1546 1546 1546 1545 1545 1549 1557 1567 1583 1600 1616 1628 1640 1655 1677 1709 1752 1801 1842 1882 1928 1978 2027 2071 2113 2145 2173 2200 2225 2249 2271 2291 2307 2313 2309 2306 2298 2274 2227 2169 2104 2036 1976 1932 1895 1864 1834 1813 1823 1842 1873 1918 1963 1991 2016 2040 2060 2080 2107 2136 2162 2188 2214 2235 2254 2277 2299 2322 2354 2388 2425 2472 2515 2549 2582 2602
1535 1536 1539 1544 1549 1554 1558 1561 1563 1563 1561 1560 1559 1560 1562 1567 1577 1588 1598 1606 1614 1628 1648 1676 1716 1762 1800 1839 1885 1934 1984 2035 2083 2123 2158 2191 2221 2251 2279 2301 2321 2335 2341 2347 2345 2327 2278 2217 2152 2087 2029 1988 1953 1916 1877 1848 1839 1842 1858 1892 1923 1950 1976 1998 2017 2037 2064 2093 2121 2148 2175 2204 2232 2261 2287 2314 2349 2385 2424 2472 2516 2543 2568 2584
1530 1535 1543 1554 1566 1577 1585 1592 1595 1594 1590 1590 1589 1586 1583 1582 1585 1588 1593 1597 1603 1607 1616 1639 1681 1727 1762 1799 1845 1893 1943 1996 2046 2089 2128 2164 2200 2235 2266 2292 2316 2346 2374 2391 2393 2379 2329 2267 2202 2144 2091 2059 2031 1993 1948 1910 1884 1865 1862 1870 1881 1907 1936 1958 1973 1992 2018 2047 2075 2100 2128 2172 2220 2258 2286 2315 2350 2386 2420 2456 2490 2513 2531 2545
1530 1541 1554 1571 1592 1610 1623 1634 1640 1638 1634 1634 1632 1625 1617 1611 1606 1602 1599 1599 1599 1595 1593 1611 1652 1694 1726 1761 1804 1851 1901 1954 2006 2053 2093 2131 2171 2211 2246 2275 2304 2350 2396 2424 2431 2423 2375 2314 2254 2201 2153 2128 2108 2072 2022 1977 1934 1897 1876 1863 1857 1878 1906 1923 1935 1950 1976 2004 2033 2057 2086 2143 2206 2252 2282 2312 2345 2380 2412 2438 2464 2484 2497 2505
1539 1558 1580 1605 1632 1657 1675 1691 1704 1709 1711 1706 1698 1684 1670 1656 1643 1632 1623 1617 1613 1603 1597 1604 1626 1653 1685 1724 1767 1815 1868 1921 1974 2021 2062 2099 2141 2183 2223 2257 2293 2345 2397 2433 2454 2460 2411 2346 2291 2246 2200 2177 2156 2120 2072 2027 1984 1946 1915 1887 1866 1873 1888 1898 1908 1923 1947 1976 2005 2032 2065 2120 2180 2228 2266 2302 2332 2361 2391 2420 2447 2464 2475 2484
1553 1581 1614 1647 1681 1711 1735 1756 1774 1789 1797 1788 1772 1753 1732 1711 1691 1670 1656 1646 1636 1622 1613 1608 1605 1613 1646 1690 1734 1782 1836 1890 1942 1989 2030 2067 2110 2153 2195 2234 2275 2331 2386 2429 2469 2492 2441 2370 2320 2286 2247 2223 2199 2164 2119 2076 2037 2004 1967 1923 1889 1882 1882 1884 1892 1905 1927 1954 1983 2013 2048 2098 2150 2200 2246 2287 2313 2335 2365 2401 2431 2444 2452 2461
1580 1616 1656 1695 1733 1770 1797 1821 1842 1863 1876 1865 1846 1823 1798 1771 1744 1718 1698 1682 1666 1643 1625 1609 1595 1592 1618 1657 1696 1743 1798 1854 1909 1960 2000 2038 2080 2123 2166 2208 2252 2307 2362 2411 2460 2489 2456 2402 2364 2336 2305 2279 2251 2214 2170 2125 2090 2058 2018 1968 1929 1911 1899 1892 1892 1895 1912 1936 1961 1989 2024 2070 2121 2170 2219 2262 2290 2313 2341 2375 2402 2414 2421 2432
1616 1659 1706 1748 1789 1828 1855 1878 1903 1930 1949 1937 1913 1889 1864 1834 1803 1774 1749 1724 1700 1668 1636 1612 1595 1588 1599 1621 1653 1701 1757 1817 1879 1932 1973 2011 2050 2090 2133 2180 2229 2277 2324 2373 2419 2451 2455 2450 2431 2404 2376 2343 2302 2261 2220 2176 2142 2111 2072 2026 1987 1959 1935 1917 1902 1892 1903 1921 1941 1965 1995 2039 2088 2137 2186 2231 2264 2291 2319 2345 2366 2376 2384 2394
1653 1702 1753 1799 1840 1879 1906 1930 1959 1993 2016 2005 1979 1954 1929 1899 1865 1833 1803 1772 1742 1703 1662 1628 1605 1591 1588 1595 1621 1666 1718 1781 1846 1901 1941 1980 2017 2053 2096 2147 2197 2238 2279 2329 2375 2410 2448 2480 2480 2459 2439 2402 2354 2309 2271 2229 2196 2166 2128 2085 2046 2010 1977 1949 1923 1902 1903 1913 1927 1946 1972 2011 2056 2104 2153 2199 2234 2265 2292 2313 2330 2339 2346 2356
1694 1741 1788 1831 1873 1912 1942 1969 2003 2040 2068 2067 2051 2028 1998 1961 1924 1888 1857 1830 1801 1758 1713 1674 1645 1623 1605 1596 1606 1637 1676 1738 1805 1860 1901 1942 1978 2014 2055 2103 2150 2189 2228 2278 2331 2376 2422 2462 2478 2480 2480 2456 2421 2379 2330 2277 2242 2209 2171 2131 2093 2061 2031 2000 1962 1930 1920 1921 1926 1938 1958 1991 2030 2073 2119 2163 2202 2238 2264 2281 2294 2305 2316 2327
1737 1779 1814 1855 1898 1937 1969 2001 2038 2079 2111 2122 2121 2101 2064 2022 1982 1942 1912 1892 1867 1821 1773 1729 1695 1666 1633 1606 1600 1613 1639 1696 1764 1818 1859 1901 1937 1972 2013 2058 2102 2140 2177 2227 2286 2340 2388 2430 2461 2488 2507 2501 2484 2446 2385 2322 2285 2250 2211 2173 2137 2113 2091 2056 2008 1964 1945 1935 1933 1938 1952 1976 2006 2043 2085 2127 2170 2212 2239 2249 2259 2274 2291 2306
1769 1809 1842 1879 1918 1954 1988 2023 2065 2109 2146 2166 2173 2160 2124 2085 2045 2004 1973 1955 1930 1881 1829 1784 1747 1712 1667 1627 1605 1603 1615 1662 1722 1772 1815 1857 1896 1933 1976 2021 2067 2104 2140 2187 2245 2303 2355 2401 2443 2484 2509 2519 2517 2489 2430 2371 2331 2293 2253 2217 2180 2159 2140 2104 2051 2005 1978 1960 1947 1945 1949 1965 1988 2020 2056 2092 2135 2177 2206 2219 2232 2252 2273 2294
1791 1834 1873 1906 1932 1960 1998 2038 2082 2130 2170 2198 2215 2209 2180 2147 2108 2067 2035 2018 1993 1939 1881 1834 1796 1760 1708 1659 1625 1606 1604 1633 1674 1719 1768 1815 1858 1903 1949 1995 2042 2081 2119 2164 2217 2271 2324 2372 2417 2458 2488 2516 2535 2520 2468 2417 2376 2334 2293 2257 2219 2200 2182 2147 2097 2052 2017 1988 1967 1956 1952 1961 1978 2002 2028 2056 2095 2137 2169 2190 2213 2236 2262 2290
1810 1856 1897 1927 1944 1966 2007 2050 2096 2145 2189 2225 2250 2253 2232 2202 2166 2125 2094 2078 2054 1996 1932 1883 1846 1808 1751 1695 1649 1617 1602 1614 1639 1678 1728 1778 1825 1874 1923 1972 2019 2059 2098 2144 2193 2244 2293 2340 2384 2426 2463 2507 2543 2538 2496 2451 2415 2375 2337 2301 2263 2244 2227 2193 2145 2099 2059 2021 1993 1976 1963 1963 1972 1986 2002 2024 2060 2100 2133 2161 2190 2221 2253 2291
1824 1867 1906 1939 1960 1987 2027 2071 2115 2160 2201 2239 2269 2282 2277 2261 2230 2192 2155 2125 2089 2034 1975 1927 1891 1852 1795 1737 1688 1647 1621 1622 1636 1664 1704 1748 1794 1842 1892 1943 1993 2035 2078 2126 2176 2226 2273 2316 2357 2393 2427 2473 2513 2523 2512 2496 2474 2445 2411 2369 2321 2293 2267 2232 2191 2151 2114 2078 2042 2006 1976 1966 1966 1971 1980 1996 2022 2054 2086 2124 2165 2202 2240 2285
1834 1874 1911 1945 1974 2005 2047 2091 2132 2171 2209 2247 2281 2304 2317 2315 2291 2257 2216 2168 2118 2067 2016 1970 1935 1897 1840 1784 1730 1683 1648 1638 1642 1659 1687 1722 1765 1812 1861 1913 1965 2010 2057 2107 2159 2210 2253 2293 2329 2357 2386 2431 2470 2495 2520 2536 2529 2512 2484 2437 2382 2343 2304 2268 2236 2204 2172 2141 2099 2041 1994 1976 1968 1965 1967 1977 1992 2011 2042 2092 2143 2185 2226 2277
1831 1870 1906 1942 1977 2013 2057 2102 2143 2179 2215 2254 2291 2324 2349 2360 2341 2309 2267 2215 2160 2111 2062 2016 1980 1940 1884 1827 1770 1718 1676 1654 1646 1652 1671 1700 1738 1782 1829 1881 1932 1980 2028 2078 2131 2183 2226 2264 2299 2325 2354 2396 2434 2468 2508 2536 2552 2555 2538 2491 2438 2390 2343 2306 2278 2250 2221 2191 2145 2082 2029 2004 1988 1977 1973 1976 1983 1995 2021 2069 2119 2167 2216 2274
1814 1853 1891 1930 1976 2019 2065 2110 2150 2185 2220 2258 2297 2337 2375 2398 2383 2351 2311 2263 2212 2163 2114 2067 2025 1981 1924 1865 1806 1752 1706 1671 1648 1644 1656 1677 1711 1752 1798 1846 1895 1943 1991 2042 2097 2151 2193 2232 2269 2302 2336 2370 2401 2434 2467 2495 2543 2583 2581 2538 2486 2431 2378 2339 2312 2287 2259 2226 2182 2130 2082 2048 2024 2007 1999 1998 1999 2004 2022 2053 2090 2150 2217 2279
1808 1846 1885 1927 1978 2029 2074 2118 2156 2188 2221 2260 2300 2345 2393 2428 2419 2391 2353 2310 2259 2211 2164 2117 2069 2020 1962 1902 1842 1787 1737 1692 1656 1641 1646 1660 1690 1728 1770 1814 1862 1909 1957 2008 2065 2119 2163 2202 2241 2281 2317 2343 2368 2400 2430 2461 2532 2599 2609 2570 2521 2463 2405 2365 2341 2321 2296 2264 2222 2178 2135 2096 2065 2046 2035 2027 2021 2019 2029 2047 2074 2139 2217 2281
1854 1889 1924 1962 2008 2053 2090 2125 2158 2187 2218 2256 2297 2346 2406 2452 2451 2428 2397 2353 2300 2253 2206 2157 2106 2054 1997 1938 1878 1818 1763 1715 1676 1655 1652 1660 1683 1716 1755 1798 1845 1890 1935 1985 2038 2089 2135 2178 2221 2263 2303 2331 2357 2389 2418 2449 2517 2580 2596 2567 2527 2471 2417 2383 2371 2363 2343 2315 2274 2222 2174 2136 2105 2083 2068 2055 2052 2053 2056 2059 2074 2133 2205 2268
1911 1942 1972 2007 2045 2083 2111 2134 2161 2187 2214 2250 2289 2341 2414 2474 2477 2460 2434 2390 2335 2291 2245 2194 2140 2085 2030 1976 1916 1850 1789 1742 1703 1676 1665 1665 1681 1708 1743 1787 1834 1876 1918 1965 2014 2062 2110 2157 2203 2250 2292 2324 2354 2385 2413 2444 2505 2559 2578 2560 2525 2474 2422 2393 2397 2402 2386 2366 2326 2263 2207 2175 2146 2122 2102 2085 2085 2094 2090 2073 2075 2126 2192 2254
1952 1981 2010 2041 2074 2106 2130 2151 2175 2199 2223 2254 2288 2335 2405 2465 2484 2481 2463 2424 2372 2327 2281 2229 2172 2116 2064 2012 1955 1891 1831 1780 1737 1703 1682 1672 1680 1699 1728 1768 1814 1856 1900 1949 1996 2044 2093 2141 2189 2238 2284 2321 2355 2385 2414 2449 2506 2558 2583 2573 2542 2490 2436 2406 2410 2417 2403 2386 2353 2298 2249 2221 2197 2171 2146 2124 2121 2123 2108 2082 2073 2117 2177 2237
1979 2008 2036 2064 2092 2120 2146 2172 2199 2223 2247 2270 2296 2332 2375 2419 2464 2495 2491 2459 2413 2364 2312 2259 2199 2142 2093 2045 1993 1942 1889 1833 1780 1737 1701 1676 1675 1685 1707 1743 1786 1833 1885 1936 1982 2029 2079 2129 2178 2227 2274 2315 2355 2390 2428 2469 2522 2567 2598 2604 2585 2524 2456 2418 2411 2409 2395 2376 2352 2323 2293 2276 2262 2237 2199 2166 2151 2139 2115 2086 2072 2105 2155 2213
2002 2030 2057 2082 2106 2131 2161 2193 2221 2246 2271 2286 2305 2332 2356 2384 2450 2505 2510 2483 2443 2390 2336 2281 2221 2164 2120 2076 2031 1989 1943 1884 1825 1774 1725 1687 1675 1677 1692 1722 1760 1811 1868 1920 1965 2012 2063 2115 2165 2214 2261 2307 2351 2393 2438 2485 2534 2576 2610 2630 2625 2556 2478 2431 2415 2403 2387 2366 2349 2339 2327 2320 2316 2292 2244 2203 2179 2156 2125 2092 2071 2095 2136 2193
2020 2047 2072 2095 2115 2139 2170 2204 2236 2269 2298 2308 2318 2341 2366 2394 2462 2519 2520 2484 2435 2384 2333 2285 2233 2183 2142 2101 2057 2015 1969 1916 1863 1814 1768 1730 1704 1690 1690 1708 1736 1783 1839 1892 1941 1993 2044 2095 2144 2191 2237 2285 2332 2377 2422 2469 2525 2577 2616 2640 2642 2575 2494 2444 2423 2402 2384 2365 2351 2345 2338 2332 2325 2303 2266 2232 2207 2182 2148 2108 2081 2096 2129 2178
2034 2060 2084 2104 2121 2142 2174 2211 2247 2291 2329 2334 2336 2358 2385 2414 2482 2538 2534 2480 2418 2369 2324 2283 2242 2201 2164 2125 2084 2039 1991 1945 1902 1856 1816 1782 1741 1707 1694 1697 1713 1755 1808 1861 1915 1971 2021 2070 2118 2163 2208 2257 2308 2354 2396 2440 2505 2572 2618 2646 2656 2594 2513 2462 2439 2412 2390 2372 2357 2350 2345 2335 2322 2303 2281 2257 2233 2209 2174 2128 2095 2102 2123 2165
