test/input/dischma.dem
ncols	128
nrows               154
xllcorner    782500.000
yllcorner    171700.000
cellsize       100.0000
NODATA_value -9999
[rows 114 to 151 of 154, columns 0 to 83 of 128]
2841 2796 2744 2697 2644 2589 2537 2488 2445 2420 2406 2390 2380 2382 2398 2407 2383 2347 2293 2226 2174 2140 2123 2143 2195 2251 2329 2401 2431 2403 2367 2353 2334 2295 2257 2218 2175 2141 2128 2127 2137 2171 2214 2256 2299 2345 2382 2423 2477 2546 2615 2687 2757 2804 2833 2860 2891 2918 2934 2925 2905 2857 2798 2747 2715 2679 2638 2592 2542 2486 2430 2390 2361 2338 2325 2319 2314 2316 2329 2348 2366 2365 2360 2355
2787 2770 2750 2712 2652 2595 2548 2502 2460 2432 2414 2402 2396 2405 2435 2454 2420 2377 2316 2228 2151 2120 2110 2128 2180 2250 2333 2408 2448 2445 2429 2422 2410 2377 2332 2285 2231 2186 2157 2136 2130 2157 2198 2238 2279 2326 2374 2425 2490 2571 2653 2735 2816 2859 2874 2889 2881 2866 2863 2846 2813 2789 2754 2720 2700 2679 2636 2588 2533 2475 2421 2386 2365 2348 2335 2330 2332 2341 2358 2377 2394 2404 2408 2402
2744 2741 2741 2730 2711 2681 2623 2560 2511 2478 2453 2437 2427 2426 2443 2448 2413 2365 2305 2221 2150 2122 2116 2137 2188 2256 2341 2425 2490 2531 2551 2542 2516 2466 2400 2335 2276 2227 2192 2165 2150 2160 2184 2217 2262 2314 2362 2414 2478 2556 2632 2702 2766 2800 2813 2823 2811 2798 2812 2823 2823 2822 2810 2788 2766 2741 2694 2641 2573 2497 2430 2390 2365 2347 2338 2338 2348 2365 2393 2423 2452 2466 2472 2469
2689 2707 2729 2744 2777 2782 2705 2615 2558 2521 2488 2465 2446 2436 2432 2424 2386 2339 2281 2209 2147 2127 2128 2152 2199 2262 2349 2438 2523 2615 2674 2655 2609 2545 2455 2371 2313 2265 2227 2198 2178 2170 2173 2198 2248 2304 2349 2397 2457 2528 2596 2648 2688 2714 2729 2739 2732 2729 2760 2813 2847 2870 2886 2872 2840 2807 2757 2700 2622 2523 2441 2399 2369 2351 2347 2351 2368 2396 2432 2476 2516 2534 2543 2542
2653 2694 2736 2765 2799 2801 2725 2636 2577 2535 2494 2460 2433 2413 2397 2379 2344 2301 2251 2193 2145 2132 2140 2169 2215 2278 2359 2444 2534 2641 2713 2690 2638 2570 2477 2393 2342 2298 2259 2228 2204 2184 2174 2191 2237 2288 2331 2377 2432 2495 2554 2594 2623 2648 2663 2671 2675 2683 2729 2805 2868 2893 2908 2897 2866 2832 2776 2715 2638 2542 2463 2423 2395 2378 2374 2381 2405 2438 2477 2526 2569 2592 2607 2612
2643 2703 2770 2793 2775 2739 2683 2622 2567 2517 2471 2430 2394 2364 2335 2309 2281 2251 2217 2184 2156 2151 2163 2195 2242 2304 2370 2434 2515 2616 2682 2659 2606 2541 2464 2396 2355 2324 2290 2261 2235 2204 2183 2190 2227 2271 2315 2364 2415 2465 2513 2550 2579 2603 2613 2621 2637 2661 2720 2819 2900 2896 2867 2848 2838 2817 2753 2679 2611 2549 2494 2462 2443 2428 2420 2426 2452 2485 2525 2572 2613 2643 2666 2676
2632 2703 2784 2805 2750 2684 2640 2594 2537 2484 2439 2392 2351 2313 2276 2243 2227 2211 2196 2185 2179 2183 2202 2237 2284 2342 2389 2435 2507 2599 2658 2628 2571 2506 2443 2390 2363 2343 2320 2294 2267 2227 2193 2191 2220 2258 2301 2351 2399 2441 2482 2517 2548 2570 2580 2591 2618 2653 2721 2832 2926 2896 2833 2802 2805 2789 2723 2644 2587 2552 2519 2495 2486 2477 2466 2471 2502 2536 2577 2621 2659 2694 2724 2736
2635 2707 2780 2790 2728 2661 2616 2572 2515 2458 2408 2359 2316 2278 2243 2218 2214 2214 2217 2228 2240 2252 2274 2317 2380 2450 2493 2529 2581 2638 2660 2613 2545 2483 2436 2400 2386 2378 2359 2328 2298 2254 2217 2204 2218 2243 2283 2332 2379 2421 2463 2499 2533 2564 2590 2617 2644 2677 2740 2845 2928 2898 2837 2801 2790 2768 2706 2636 2590 2565 2540 2516 2501 2495 2498 2518 2559 2603 2645 2681 2709 2745 2778 2797
2642 2711 2775 2774 2702 2629 2587 2550 2495 2432 2377 2329 2288 2253 2223 2205 2216 2232 2251 2285 2316 2329 2350 2401 2486 2572 2612 2639 2673 2690 2679 2613 2527 2466 2435 2413 2413 2418 2401 2364 2327 2283 2244 2222 2218 2229 2266 2317 2364 2406 2450 2491 2531 2572 2619 2663 2689 2712 2771 2865 2936 2905 2848 2806 2782 2752 2694 2632 2593 2579 2565 2535 2508 2504 2524 2559 2612 2668 2710 2734 2753 2786 2820 2847
2669 2718 2759 2739 2666 2589 2546 2510 2461 2400 2348 2307 2272 2245 2225 2215 2237 2266 2296 2335 2371 2387 2411 2466 2557 2647 2699 2732 2754 2748 2714 2632 2538 2478 2456 2442 2444 2450 2433 2396 2357 2311 2269 2239 2223 2224 2256 2303 2350 2396 2447 2496 2545 2602 2663 2719 2745 2769 2824 2903 2956 2918 2856 2803 2770 2737 2685 2631 2599 2590 2584 2553 2524 2522 2549 2587 2649 2714 2755 2768 2780 2807 2838 2866
2720 2725 2707 2672 2618 2555 2504 2458 2411 2362 2323 2291 2266 2249 2245 2248 2281 2322 2354 2374 2398 2419 2448 2503 2583 2666 2747 2813 2834 2809 2759 2663 2563 2506 2494 2488 2481 2470 2451 2421 2386 2341 2297 2262 2235 2225 2247 2285 2332 2391 2453 2509 2566 2635 2717 2785 2822 2858 2903 2940 2963 2924 2864 2804 2753 2709 2671 2638 2614 2606 2599 2569 2543 2542 2566 2602 2676 2755 2794 2785 2780 2798 2820 2845
2759 2725 2663 2612 2571 2517 2462 2412 2369 2332 2301 2282 2268 2265 2274 2290 2329 2378 2409 2415 2425 2450 2482 2537 2610 2687 2788 2876 2898 2859 2798 2694 2589 2534 2531 2539 2522 2497 2473 2448 2415 2372 2329 2289 2253 2232 2246 2275 2323 2389 2458 2518 2580 2660 2755 2838 2882 2925 2959 2967 2964 2927 2871 2806 2743 2688 2665 2648 2634 2627 2620 2587 2559 2555 2577 2617 2696 2784 2817 2791 2769 2780 2795 2821
2751 2707 2635 2580 2536 2483 2425 2371 2336 2319 2309 2306 2307 2313 2321 2336 2372 2416 2442 2454 2472 2500 2534 2590 2659 2723 2824 2913 2931 2875 2801 2701 2608 2561 2566 2579 2562 2537 2506 2477 2447 2407 2367 2328 2290 2264 2269 2290 2330 2389 2452 2513 2578 2652 2736 2810 2845 2874 2911 2943 2958 2923 2868 2809 2757 2713 2696 2686 2675 2665 2652 2617 2589 2581 2595 2627 2692 2762 2793 2788 2783 2792 2804 2824
2739 2684 2603 2546 2505 2457 2395 2331 2303 2314 2326 2336 2353 2366 2369 2381 2414 2449 2475 2496 2524 2557 2594 2648 2709 2763 2858 2949 2960 2878 2786 2700 2626 2589 2600 2618 2602 2576 2541 2507 2476 2441 2407 2370 2332 2302 2299 2310 2342 2390 2445 2504 2569 2637 2704 2769 2791 2802 2844 2912 2951 2919 2867 2815 2775 2741 2729 2726 2716 2698 2676 2641 2615 2603 2604 2629 2677 2724 2757 2781 2796 2806 2817 2834
2694 2642 2566 2509 2472 2434 2374 2314 2291 2306 2324 2343 2369 2388 2397 2418 2452 2487 2521 2549 2575 2625 2672 2719 2764 2809 2885 2959 2963 2886 2800 2721 2653 2624 2643 2663 2637 2603 2563 2526 2495 2468 2441 2409 2372 2341 2330 2333 2353 2392 2439 2493 2554 2617 2680 2741 2770 2786 2833 2909 2958 2927 2876 2826 2788 2754 2744 2740 2726 2700 2669 2629 2598 2584 2588 2615 2657 2698 2736 2771 2793 2806 2820 2838
2606 2574 2530 2484 2448 2412 2364 2321 2299 2294 2300 2325 2357 2386 2416 2453 2490 2527 2568 2597 2620 2698 2780 2822 2839 2862 2896 2923 2924 2898 2854 2766 2680 2656 2694 2723 2677 2614 2566 2529 2498 2483 2471 2447 2413 2384 2365 2357 2368 2398 2437 2483 2535 2596 2665 2730 2777 2821 2877 2945 2991 2953 2889 2837 2796 2759 2743 2727 2705 2675 2639 2584 2535 2524 2557 2601 2640 2678 2719 2757 2783 2802 2820 2843
2533 2518 2496 2461 2429 2397 2359 2328 2305 2287 2287 2317 2354 2392 2440 2487 2537 2580 2627 2656 2684 2773 2875 2908 2895 2896 2895 2885 2881 2894 2878 2792 2699 2682 2735 2771 2709 2625 2569 2533 2501 2500 2501 2486 2457 2428 2403 2386 2388 2409 2442 2480 2523 2584 2657 2723 2780 2842 2905 2970 3018 2976 2904 2846 2806 2768 2745 2719 2688 2654 2613 2547 2484 2478 2531 2589 2623 2660 2705 2747 2782 2805 2827 2852
2522 2506 2488 2455 2414 2376 2350 2332 2315 2302 2306 2337 2378 2422 2476 2537 2615 2691 2758 2803 2833 2880 2924 2922 2888 2865 2848 2830 2822 2832 2823 2769 2713 2705 2736 2756 2702 2631 2578 2544 2517 2524 2533 2528 2505 2478 2454 2436 2432 2439 2460 2494 2535 2585 2639 2688 2738 2792 2850 2914 2967 2946 2901 2863 2832 2797 2781 2763 2729 2679 2628 2566 2514 2503 2542 2590 2630 2672 2720 2765 2804 2826 2845 2876
2522 2507 2495 2462 2404 2356 2345 2345 2336 2327 2335 2367 2410 2459 2515 2582 2691 2803 2885 2948 2986 2975 2943 2909 2857 2813 2786 2762 2753 2758 2752 2736 2728 2728 2731 2732 2693 2642 2595 2564 2542 2555 2572 2573 2557 2532 2508 2494 2483 2474 2482 2516 2560 2600 2626 2656 2696 2738 2791 2853 2906 2914 2904 2884 2863 2833 2824 2820 2782 2710 2644 2592 2555 2541 2557 2592 2635 2683 2733 2781 2824 2843 2856 2891
2516 2502 2493 2467 2414 2369 2365 2371 2366 2362 2370 2403 2448 2505 2563 2631 2751 2871 2945 2997 3032 2989 2929 2878 2819 2760 2730 2706 2703 2710 2713 2718 2728 2738 2742 2746 2718 2677 2636 2607 2591 2609 2631 2632 2614 2586 2556 2535 2520 2509 2514 2545 2587 2618 2637 2663 2695 2730 2784 2847 2895 2922 2932 2922 2902 2879 2860 2845 2801 2727 2658 2604 2566 2546 2553 2581 2623 2671 2720 2770 2815 2832 2845 2882
2511 2492 2477 2460 2439 2416 2409 2407 2404 2403 2414 2449 2496 2553 2605 2666 2782 2897 2955 2971 2975 2926 2863 2810 2761 2713 2693 2683 2683 2686 2691 2707 2729 2749 2769 2785 2768 2742 2709 2673 2652 2676 2705 2704 2676 2640 2595 2555 2537 2539 2552 2581 2618 2648 2680 2715 2738 2761 2814 2880 2929 2970 2999 2991 2958 2925 2878 2825 2773 2720 2664 2602 2552 2526 2524 2545 2584 2634 2684 2733 2777 2797 2815 2851
2511 2492 2476 2466 2466 2464 2454 2448 2449 2451 2462 2501 2550 2600 2642 2695 2794 2899 2947 2934 2905 2853 2788 2733 2697 2668 2660 2662 2663 2662 2671 2698 2731 2761 2790 2809 2806 2797 2774 2735 2709 2737 2770 2768 2731 2689 2633 2581 2559 2569 2591 2622 2656 2693 2734 2771 2790 2805 2851 2914 2968 3012 3053 3044 2996 2948 2882 2802 2741 2701 2651 2586 2530 2500 2491 2501 2542 2594 2648 2697 2738 2761 2783 2818
2521 2509 2503 2501 2505 2506 2494 2486 2488 2496 2516 2556 2604 2656 2710 2762 2824 2880 2898 2876 2843 2793 2737 2692 2664 2643 2640 2644 2647 2647 2655 2682 2713 2742 2770 2791 2798 2799 2789 2769 2756 2780 2808 2802 2764 2719 2665 2616 2598 2614 2642 2669 2698 2733 2771 2804 2837 2870 2911 2959 2999 3012 3016 2994 2954 2912 2848 2776 2716 2671 2618 2555 2501 2472 2465 2479 2524 2579 2637 2690 2736 2762 2785 2824
2535 2532 2538 2542 2549 2553 2538 2523 2527 2546 2573 2613 2657 2711 2781 2838 2853 2848 2841 2814 2776 2734 2692 2656 2636 2622 2621 2626 2629 2628 2635 2658 2685 2711 2734 2754 2769 2779 2782 2785 2788 2808 2828 2822 2783 2738 2690 2649 2638 2663 2699 2722 2741 2772 2803 2828 2876 2930 2964 2990 3016 2989 2944 2912 2889 2857 2803 2743 2687 2638 2583 2523 2472 2445 2442 2460 2510 2571 2632 2689 2739 2767 2790 2832
2557 2557 2568 2578 2588 2598 2586 2573 2579 2604 2640 2684 2726 2770 2828 2869 2854 2822 2797 2762 2717 2681 2647 2619 2602 2593 2591 2596 2597 2596 2600 2619 2643 2666 2687 2708 2731 2749 2760 2771 2782 2802 2822 2823 2792 2756 2716 2682 2681 2715 2756 2779 2799 2828 2853 2871 2900 2936 2946 2956 2967 2928 2872 2841 2825 2798 2758 2710 2662 2613 2561 2500 2450 2423 2425 2449 2501 2565 2627 2684 2735 2764 2788 2826
2586 2586 2596 2608 2621 2633 2629 2626 2640 2676 2721 2765 2804 2834 2857 2866 2834 2788 2752 2715 2670 2637 2607 2582 2567 2559 2553 2552 2553 2552 2555 2571 2591 2612 2633 2655 2684 2711 2726 2735 2745 2767 2787 2796 2789 2773 2740 2713 2719 2763 2809 2842 2873 2902 2918 2925 2909 2886 2869 2861 2857 2829 2796 2772 2760 2741 2722 2697 2657 2600 2542 2482 2433 2409 2416 2445 2496 2557 2618 2672 2719 2748 2772 2803
2616 2617 2625 2637 2652 2668 2669 2674 2698 2746 2795 2834 2866 2884 2882 2867 2818 2757 2706 2669 2631 2599 2572 2549 2535 2526 2518 2513 2512 2511 2513 2527 2544 2561 2581 2600 2632 2664 2684 2692 2702 2724 2745 2760 2772 2775 2751 2730 2745 2795 2848 2890 2930 2951 2957 2953 2900 2835 2798 2777 2749 2732 2717 2703 2697 2693 2691 2684 2649 2586 2524 2465 2417 2396 2407 2439 2491 2550 2609 2659 2701 2727 2748 2774
2646 2647 2652 2658 2676 2696 2700 2708 2740 2787 2832 2879 2917 2920 2891 2856 2806 2749 2698 2656 2613 2579 2551 2524 2504 2492 2487 2486 2489 2492 2495 2506 2516 2528 2540 2553 2584 2617 2637 2643 2652 2674 2698 2718 2737 2750 2741 2733 2747 2785 2829 2868 2903 2926 2941 2940 2879 2804 2762 2739 2711 2692 2675 2664 2658 2654 2656 2653 2622 2564 2504 2443 2395 2376 2393 2430 2484 2545 2604 2654 2694 2716 2732 2749
2676 2681 2682 2684 2702 2724 2731 2742 2775 2816 2853 2909 2961 2951 2886 2828 2784 2741 2692 2644 2599 2563 2532 2504 2477 2463 2463 2470 2478 2487 2494 2501 2505 2510 2513 2518 2547 2578 2596 2599 2604 2626 2650 2674 2697 2716 2722 2729 2743 2763 2795 2829 2854 2881 2915 2924 2857 2777 2731 2714 2693 2669 2647 2636 2626 2619 2625 2625 2596 2541 2484 2421 2371 2353 2376 2418 2474 2536 2594 2643 2681 2699 2711 2720
2736 2736 2730 2729 2740 2752 2766 2783 2818 2858 2890 2926 2958 2933 2858 2789 2750 2714 2669 2621 2574 2536 2505 2478 2455 2444 2454 2470 2487 2501 2513 2519 2521 2518 2514 2511 2534 2560 2572 2572 2573 2590 2611 2636 2662 2685 2699 2714 2729 2745 2772 2809 2839 2869 2900 2902 2840 2764 2714 2693 2674 2648 2626 2614 2606 2600 2605 2604 2577 2525 2470 2407 2355 2340 2363 2403 2458 2518 2571 2615 2649 2661 2667 2668
2849 2829 2787 2775 2779 2783 2804 2830 2869 2920 2954 2938 2903 2859 2798 2739 2705 2675 2634 2586 2539 2500 2470 2447 2432 2432 2456 2489 2515 2536 2552 2561 2564 2558 2545 2534 2545 2559 2565 2565 2566 2573 2585 2606 2632 2656 2677 2699 2716 2730 2755 2811 2868 2895 2888 2865 2821 2771 2723 2682 2648 2623 2603 2593 2595 2598 2594 2582 2555 2514 2467 2402 2345 2327 2349 2386 2435 2488 2535 2571 2598 2602 2598 2595
2937 2903 2838 2819 2822 2824 2847 2873 2907 2962 3001 2940 2854 2789 2737 2679 2653 2631 2597 2548 2502 2464 2437 2421 2415 2424 2464 2513 2553 2580 2602 2616 2622 2611 2590 2571 2570 2572 2572 2570 2568 2566 2568 2582 2606 2631 2657 2685 2707 2719 2738 2808 2885 2912 2877 2834 2805 2773 2725 2671 2629 2603 2582 2572 2580 2588 2575 2555 2528 2496 2454 2387 2326 2306 2325 2359 2400 2446 2486 2515 2537 2536 2526 2517
2886 2895 2884 2889 2882 2877 2901 2930 2946 2967 2977 2905 2813 2744 2693 2642 2620 2600 2566 2519 2473 2432 2402 2394 2405 2431 2483 2542 2593 2634 2668 2684 2688 2674 2647 2618 2608 2601 2593 2581 2570 2564 2562 2570 2590 2614 2639 2665 2687 2702 2723 2787 2851 2874 2850 2815 2785 2753 2711 2661 2621 2590 2564 2548 2548 2548 2530 2506 2475 2439 2397 2339 2286 2266 2278 2300 2334 2373 2406 2432 2453 2456 2453 2451
2801 2862 2928 2952 2929 2911 2941 2979 2980 2955 2932 2859 2770 2700 2656 2613 2593 2575 2541 2494 2450 2404 2368 2366 2399 2443 2504 2571 2633 2689 2735 2754 2755 2740 2708 2672 2653 2638 2622 2598 2578 2567 2562 2564 2581 2603 2624 2647 2668 2686 2708 2761 2808 2828 2818 2792 2761 2729 2691 2649 2610 2574 2542 2519 2511 2501 2477 2447 2414 2374 2332 2284 2244 2225 2227 2240 2266 2298 2326 2348 2369 2380 2387 2393
2757 2841 2924 2954 2942 2933 2945 2967 2963 2929 2894 2823 2738 2672 2632 2596 2574 2553 2516 2468 2424 2381 2349 2356 2397 2453 2522 2596 2665 2729 2779 2804 2811 2802 2767 2726 2698 2674 2649 2624 2602 2583 2569 2562 2571 2589 2611 2635 2656 2673 2697 2746 2787 2799 2785 2755 2728 2700 2668 2630 2590 2550 2514 2486 2468 2448 2418 2385 2351 2313 2276 2239 2208 2195 2194 2202 2218 2240 2261 2283 2308 2326 2341 2358
2733 2802 2862 2901 2947 2970 2937 2897 2882 2873 2857 2795 2721 2663 2628 2592 2562 2531 2489 2442 2399 2363 2345 2358 2401 2460 2534 2610 2681 2748 2802 2839 2864 2861 2819 2770 2736 2704 2676 2658 2641 2610 2582 2564 2561 2570 2595 2625 2650 2671 2695 2741 2778 2782 2751 2710 2686 2661 2633 2603 2567 2527 2488 2453 2416 2384 2354 2324 2293 2261 2231 2208 2192 2185 2187 2190 2194 2202 2216 2241 2273 2297 2321 2344
2714 2769 2811 2858 2935 2979 2909 2825 2801 2814 2808 2764 2704 2660 2629 2598 2558 2516 2470 2422 2377 2348 2338 2358 2404 2468 2543 2619 2692 2761 2816 2866 2906 2907 2862 2813 2777 2741 2710 2695 2678 2637 2597 2570 2556 2553 2580 2614 2642 2666 2691 2728 2760 2755 2712 2664 2640 2616 2590 2565 2536 2495 2455 2413 2366 2325 2298 2274 2248 2224 2202 2196 2193 2193 2194 2196 2184 2178 2187 2214 2247 2279 2312 2342
2750 2811 2863 2883 2895 2890 2822 2751 2733 2751 2759 2749 2727 2697 2661 2623 2577 2526 2467 2405 2350 2325 2323 2352 2407 2478 2559 2638 2706 2761 2807 2861 2908 2929 2918 2898 2852 2800 2759 2740 2717 2666 2612 2575 2552 2541 2564 2596 2623 2644 2663 2692 2713 2701 2654 2605 2581 2559 2533 2506 2475 2435 2395 2357 2318 2285 2263 2246 2232 2220 2213 2221 2231 2237 2240 2235 2198 2165 2160 2185 2223 2266 2313 2356
