tests/dem_reading/ref_SLOPE.asc
ncols               386
nrows               229
xllcorner    479497.492
yllcorner     73502.967
cellsize       1000.000
NODATA_value -999
[rows 128 to 159 of 229, columns 213 to 283 of 386]
28.738 15.288 7.407 14.412 13.234 17.993 12.062 21.678 35.220 16.258 16.365 15.503 17.865 28.902 26.320 28.276 24.121 2.852 19.994 21.841 20.262 24.447 20.681 27.019 17.506 10.034 20.958 19.628 19.357 10.463 18.197 13.066 7.819 3.276 1.979 12.112 13.712 12.372 13.246 11.230 9.722 18.460 18.226 4.937 9.993 18.752 11.270 18.387 15.131 19.782 18.593 8.490 27.481 7.640 11.513 11.897 14.497 15.540 13.976 8.944 2.040 8.868 8.191 21.408 23.703 30.067 26.561 24.285 10.244 10.184 31.452
29.248 17.369 20.012 26.419 18.239 7.871 12.096 25.198 31.045 19.170 22.027 21.076 22.364 11.957 10.115 11.513 11.653 25.938 21.084 19.962 23.816 19.693 30.265 27.813 11.710 18.139 14.209 18.132 14.454 9.579 21.088 16.784 13.273 5.464 8.645 13.416 14.416 14.963 15.392 8.006 8.258 21.071 24.432 22.091 15.506 12.213 11.714 18.815 18.143 19.379 22.328 22.840 14.839 12.563 12.510 11.627 12.115 12.398 15.503 4.415 16.520 22.961 21.865 12.743 12.072 26.994 22.008 6.602 10.694 6.174 25.531
27.200 26.788 14.217 19.836 10.259 25.690 17.439 24.198 17.721 26.258 15.256 6.926 20.916 7.935 3.170 16.882 33.884 30.180 28.313 24.092 6.926 17.942 22.307 14.493 23.735 28.485 13.023 13.071 7.506 6.819 19.756 17.862 9.303 7.766 13.119 14.545 12.031 18.661 5.463 8.211 17.250 26.308 23.057 26.186 6.061 15.150 19.386 9.203 22.906 22.161 17.915 33.071 3.917 13.766 14.886 12.442 14.757 4.674 18.056 23.063 3.804 24.713 30.460 37.159 32.951 10.908 16.150 21.158 17.227 7.316 17.216
23.892 12.654 9.746 28.511 17.976 25.567 10.849 23.701 16.407 17.827 21.644 23.282 18.959 4.593 10.557 15.635 14.200 21.992 18.586 10.523 12.308 21.062 13.670 14.877 31.239 31.103 17.596 6.472 12.197 6.402 14.061 6.522 15.284 13.175 18.997 20.539 14.899 12.015 23.752 27.997 22.253 27.465 21.191 22.830 26.462 19.762 24.779 7.477 22.729 21.512 0.975 23.104 10.788 12.272 16.284 9.212 12.111 19.838 17.179 21.126 18.749 33.494 21.298 5.776 23.608 11.169 25.899 15.496 9.890 14.072 15.793
16.433 1.252 19.121 29.861 11.893 24.321 20.031 16.017 5.346 4.050 4.186 0.614 5.696 14.276 4.971 14.314 5.577 19.420 32.657 21.788 17.661 20.588 17.535 28.126 3.693 28.441 26.432 17.863 10.257 5.299 15.998 22.762 23.693 24.474 27.202 14.110 6.761 22.140 27.925 36.280 18.112 23.939 23.661 14.470 20.558 15.720 11.548 19.979 20.896 11.356 29.791 21.803 10.657 2.953 15.916 19.841 27.186 33.283 26.680 25.383 23.112 28.165 25.670 15.110 24.810 25.938 25.444 23.444 15.379 5.992 12.951
15.882 16.251 20.974 15.554 18.960 9.684 11.132 15.537 21.472 19.026 21.471 20.914 18.543 11.351 18.546 14.940 5.769 26.383 27.232 10.214 15.045 16.725 24.082 26.678 27.550 20.996 23.717 18.695 12.623 11.723 8.552 24.296 19.565 10.666 14.568 19.254 23.892 25.345 8.600 31.493 4.629 26.879 11.693 25.617 21.060 23.361 11.749 17.706 20.790 19.792 26.547 21.628 13.145 23.604 31.373 33.811 20.075 4.395 18.770 16.023 25.885 27.830 30.667 11.393 20.735 13.843 17.812 14.966 17.534 18.560 12.169
9.114 4.954 4.859 10.775 23.970 4.592 17.670 26.694 18.502 9.749 16.497 15.686 20.104 19.763 19.458 19.816 17.277 11.500 28.962 11.685 18.659 9.245 15.227 17.317 26.762 8.027 33.249 20.022 18.344 10.321 8.488 13.793 20.862 18.060 11.831 19.714 28.535 20.852 16.677 25.433 24.501 34.970 24.352 17.717 11.268 14.434 20.283 18.000 12.031 26.573 28.036 24.106 16.734 20.082 8.272 13.031 14.768 13.555 18.478 18.235 26.036 25.735 30.365 17.524 6.880 10.093 13.654 12.950 13.999 17.333 6.950
20.138 20.446 16.965 19.871 12.302 29.467 24.260 9.387 27.059 26.947 12.588 11.401 10.285 23.210 26.952 24.651 21.885 20.314 32.213 14.888 21.522 22.132 8.870 12.339 28.470 22.372 28.258 23.698 17.517 13.729 18.692 15.341 21.708 7.247 33.758 22.416 25.289 1.525 17.367 23.685 21.762 33.379 12.213 20.750 19.768 14.662 19.326 17.828 18.406 26.673 19.598 15.572 9.825 5.194 16.967 11.616 14.752 14.834 20.166 20.461 7.195 23.366 20.953 18.156 11.723 14.947 12.111 12.361 13.344 16.003 15.848
11.547 26.981 19.367 24.759 20.179 24.531 12.510 18.908 12.833 29.818 7.929 13.510 11.215 24.133 22.926 21.933 20.864 9.290 19.197 19.396 25.896 15.235 26.853 29.781 31.207 35.018 16.373 20.752 11.209 11.498 20.586 3.516 13.986 18.570 20.111 14.827 20.370 16.324 20.696 27.415 22.223 38.351 15.592 22.695 19.375 16.164 19.022 15.708 19.021 39.726 14.701 10.555 1.892 7.109 15.171 15.811 15.908 16.885 19.580 14.840 12.892 31.847 26.584 19.167 22.509 17.737 11.833 14.642 19.955 14.212 13.470
11.487 17.916 15.891 18.541 4.276 24.138 11.701 20.798 4.998 20.403 10.633 4.131 26.136 25.515 7.203 25.647 26.195 28.889 22.667 23.830 21.152 13.329 16.231 2.073 3.031 21.050 16.718 10.172 1.159 10.724 11.992 20.013 21.775 17.328 16.642 31.561 19.225 4.657 26.204 26.376 16.894 36.074 18.799 21.842 8.895 15.980 17.190 15.134 27.732 39.535 20.590 16.297 15.053 18.293 11.079 10.347 19.466 9.881 16.139 8.971 18.655 35.461 19.617 5.409 18.537 16.992 11.941 16.620 24.322 15.607 14.301
15.081 21.867 4.347 10.458 11.086 29.727 15.218 24.496 14.122 22.300 5.040 21.537 25.867 7.836 12.800 27.009 21.553 14.742 11.470 15.801 18.032 6.012 8.300 15.341 22.745 25.719 11.607 7.341 4.572 15.640 3.914 7.099 28.559 27.086 25.389 21.646 24.158 19.418 24.885 27.765 1.944 29.149 17.518 24.651 15.529 13.497 15.337 14.363 26.752 35.405 13.784 16.163 7.694 10.709 1.590 7.009 16.226 21.077 24.208 5.288 21.812 33.863 17.187 5.389 19.952 19.129 13.498 28.009 24.584 11.950 12.301
31.618 13.364 17.525 14.853 22.328 34.228 12.809 25.019 25.209 17.821 10.739 20.476 26.354 28.239 25.307 35.791 19.835 10.970 8.366 4.773 32.431 22.952 15.729 1.683 7.693 9.304 3.441 13.173 12.084 19.413 21.342 10.481 7.798 30.495 18.016 7.454 24.148 18.954 25.482 9.322 10.846 28.704 13.031 4.000 10.022 12.479 12.705 16.387 14.258 30.099 9.627 14.538 7.372 19.175 19.357 21.825 16.852 25.527 27.899 5.566 32.682 24.627 12.284 15.135 13.077 23.777 17.441 6.979 15.839 14.626 13.496
18.873 15.631 13.931 17.099 30.067 31.099 13.044 14.694 29.257 3.446 25.352 25.524 10.045 29.674 33.124 18.703 31.608 23.009 22.817 12.459 27.544 10.657 24.997 4.457 5.408 8.612 1.697 13.939 15.293 14.502 16.593 17.458 23.199 21.602 10.418 15.547 17.368 23.628 7.991 22.012 19.698 14.449 26.799 10.974 13.303 13.313 10.941 13.979 18.001 23.995 0.992 4.485 0.972 7.581 5.049 8.023 18.396 23.732 28.004 11.874 33.805 23.864 19.963 11.200 12.113 24.172 11.529 16.804 15.376 17.164 16.858
9.161 18.160 2.752 20.506 32.806 28.519 16.306 9.555 8.267 16.910 24.525 12.678 13.607 23.824 24.397 16.572 23.643 20.522 16.256 14.197 29.070 26.198 34.934 22.385 12.375 11.992 14.789 18.847 21.906 3.367 25.819 16.840 19.796 17.161 7.752 20.868 29.161 6.548 22.411 21.599 17.078 11.333 37.842 2.578 3.740 17.744 5.747 21.740 34.620 20.496 12.049 8.429 20.892 22.775 19.654 14.014 2.607 18.659 32.190 19.139 29.258 21.382 12.833 5.583 7.113 21.774 10.478 10.302 14.489 18.296 17.347
6.765 13.498 11.695 16.925 31.612 29.135 23.958 11.142 21.269 20.593 19.882 6.101 26.621 25.987 24.506 15.217 25.144 12.990 15.483 7.387 31.002 28.971 28.774 7.327 14.191 21.474 9.582 14.840 20.331 16.930 12.400 19.977 22.687 3.094 29.112 27.467 8.645 25.330 25.176 14.465 14.415 19.613 28.309 19.349 13.680 23.475 18.664 6.040 21.353 23.163 12.295 20.243 19.524 15.343 19.095 22.615 14.210 15.973 26.942 11.698 26.541 19.442 9.317 9.533 7.035 15.128 11.293 9.978 15.307 19.610 7.475
20.112 6.591 12.003 12.700 17.914 22.141 19.196 14.644 23.587 17.669 10.049 21.607 20.481 16.593 30.409 19.290 14.765 12.516 12.759 16.987 23.769 31.471 27.539 19.934 12.750 12.118 21.339 17.881 32.577 9.295 20.370 30.545 37.976 31.048 25.162 7.953 14.589 22.688 16.216 14.106 22.619 2.178 21.719 26.288 6.506 8.041 3.580 9.963 5.359 13.971 31.619 32.218 32.393 29.979 15.869 13.484 20.321 17.530 6.165 18.804 14.014 24.089 12.172 5.053 13.711 5.543 4.404 17.291 12.663 12.000 20.439
3.762 25.418 24.694 9.941 13.451 20.305 25.189 22.926 23.402 22.263 7.750 20.641 22.091 17.858 17.900 2.644 16.151 26.398 26.234 28.508 29.029 29.128 14.872 20.074 16.204 8.559 21.336 20.314 20.359 27.717 15.064 12.362 10.181 7.857 2.904 22.339 18.180 24.405 8.727 24.728 10.700 21.648 17.358 4.271 16.856 19.507 18.251 10.483 16.896 12.008 13.616 26.834 19.793 3.724 19.745 26.409 23.314 27.437 20.774 20.270 10.908 24.654 18.343 7.359 8.455 5.517 12.767 17.025 11.078 7.228 29.746
30.180 4.707 14.758 9.610 8.858 7.211 14.495 12.619 14.089 11.245 16.353 7.879 23.673 29.210 27.567 25.053 22.748 15.941 12.774 10.064 13.320 17.004 23.370 15.553 23.778 28.164 9.503 26.419 14.028 30.696 2.461 23.109 19.544 20.743 19.017 19.151 13.972 1.523 23.429 4.874 16.758 9.663 8.594 20.446 20.833 16.232 17.979 22.368 28.907 24.699 22.434 7.104 10.659 22.698 27.155 16.192 14.528 23.451 17.849 29.954 12.282 26.825 10.535 14.062 13.423 10.353 16.551 3.239 15.362 18.091 25.238
13.756 14.959 9.700 21.830 24.558 24.444 20.121 13.732 4.839 11.246 22.039 7.183 14.546 23.012 5.430 6.178 9.772 10.401 11.467 18.614 23.432 24.625 33.900 5.757 21.094 16.742 17.298 20.793 12.041 33.340 24.273 7.264 9.882 15.665 6.335 22.019 2.908 14.713 19.003 21.592 4.119 18.872 20.686 26.395 20.577 18.269 20.345 22.132 13.576 2.483 17.184 18.301 21.039 18.085 18.664 18.325 5.069 20.941 21.104 35.037 21.290 31.269 19.809 19.609 10.095 13.230 7.982 16.987 20.178 12.163 34.183
22.520 10.554 16.724 5.272 5.708 8.162 6.282 5.124 8.563 9.641 15.787 11.159 10.810 11.919 24.352 20.156 16.574 12.971 14.275 17.810 17.382 29.698 30.590 23.280 10.972 29.177 11.328 23.256 12.509 32.836 26.775 10.235 11.943 24.400 10.994 22.850 3.989 10.589 12.242 22.104 18.132 20.956 22.046 16.131 9.352 15.329 15.690 29.403 37.995 31.493 17.633 15.246 21.539 13.615 15.528 27.637 12.545 19.085 23.259 36.185 27.425 24.554 12.809 8.468 11.030 15.247 7.650 1.727 15.022 26.685 18.392
15.732 17.771 6.175 10.304 10.335 11.523 13.693 11.972 8.143 9.169 5.914 2.949 9.675 10.314 6.117 10.042 5.326 11.997 16.372 22.159 28.473 27.270 8.402 38.948 15.652 10.589 33.027 21.435 11.098 25.056 29.465 8.440 18.257 21.183 20.600 22.927 13.731 15.144 29.604 39.389 29.885 7.556 15.385 23.987 21.398 24.537 30.904 27.054 12.724 24.233 9.394 18.524 20.672 17.082 4.191 21.165 23.444 5.128 24.756 30.792 12.982 32.477 26.133 25.319 16.867 11.549 13.045 15.418 7.719 25.331 19.158
31.676 31.603 25.714 29.812 31.825 31.305 28.453 13.366 8.564 11.728 13.083 18.032 24.502 26.832 20.741 4.158 19.647 16.117 8.739 12.285 19.431 16.336 11.294 35.076 26.789 18.950 24.570 17.342 3.308 18.029 33.689 11.493 25.445 14.789 13.075 14.418 24.513 28.367 27.242 3.744 15.257 27.354 19.427 19.334 19.680 29.912 16.416 23.684 10.677 16.095 10.406 17.827 14.408 24.741 13.097 20.805 17.278 13.544 25.415 9.095 24.260 9.030 22.953 21.586 26.610 21.800 14.260 12.945 19.193 2.826 22.746
6.072 15.882 18.343 23.763 25.702 22.975 24.236 33.111 24.711 19.702 21.621 24.130 15.820 4.970 18.870 29.171 25.174 20.580 22.999 24.817 21.456 24.933 3.353 27.537 35.072 9.998 12.289 20.746 16.564 23.089 27.653 9.845 15.087 12.523 10.742 9.783 30.931 9.672 21.351 17.156 10.005 16.609 14.189 16.937 0.159 22.680 8.200 28.485 3.385 10.726 15.908 21.385 -999.000 -999.000 -999.000 -999.000 10.911 24.677 14.862 27.049 28.550 -999.000 -999.000 29.412 26.052 21.290 9.285 7.329 16.563 17.806 12.083
23.332 32.125 25.859 19.419 3.465 16.253 22.955 25.663 27.822 30.787 21.815 21.535 21.059 18.630 17.252 2.844 24.331 25.875 15.844 8.175 17.578 25.470 11.284 30.433 35.854 27.936 19.720 29.955 13.892 12.884 9.533 25.556 25.079 27.084 32.955 36.370 9.561 33.090 20.038 11.613 1.619 18.647 9.386 19.173 12.401 11.015 23.202 35.017 37.416 -999.000 -999.000 -999.000 -999.000 -999.000 -999.000 -999.000 19.890 20.131 16.347 27.668 -999.000 -999.000 -999.000 30.078 17.352 9.835 14.283 16.960 20.557 27.210 27.141
14.857 17.809 25.374 31.530 35.742 23.582 11.663 27.431 29.166 24.133 24.453 24.310 24.002 15.098 13.810 17.268 10.564 15.112 17.550 16.521 20.498 23.978 14.468 18.443 19.919 12.974 28.237 34.672 17.822 22.112 26.520 17.072 20.300 23.988 17.471 24.851 34.126 11.088 17.959 13.862 2.405 21.330 13.870 4.948 20.138 11.125 11.237 32.438 27.809 -999.000 -999.000 -999.000 -999.000 -999.000 -999.000 -999.000 -999.000 11.052 24.866 22.711 -999.000 -999.000 -999.000 4.607 23.579 22.067 25.059 13.540 3.766 13.344 15.503
9.317 14.114 15.929 24.782 32.250 36.675 18.518 7.998 8.539 11.509 22.170 21.688 21.874 24.426 22.561 23.425 8.645 18.103 19.426 24.744 28.794 23.203 8.154 19.350 30.725 29.288 34.762 20.395 17.718 36.455 9.568 12.261 13.684 20.440 24.416 28.088 7.425 16.849 16.246 16.057 8.471 14.774 12.092 28.653 7.916 18.173 5.657 28.109 30.358 -999.000 -999.000 -999.000 -999.000 -999.000 -999.000 -999.000 -999.000 -999.000 24.670 24.665 -999.000 -999.000 -999.000 14.479 12.162 15.258 22.384 22.153 16.635 20.859 19.853
5.603 13.310 17.166 8.146 22.976 18.801 35.076 16.949 12.802 20.851 14.886 8.644 19.158 18.040 16.078 26.645 9.749 14.515 18.532 22.243 17.404 12.390 8.209 29.470 41.944 28.894 20.241 10.064 13.735 30.586 25.887 18.646 14.287 7.516 13.170 27.208 13.349 10.276 14.749 19.696 5.994 9.807 22.396 30.191 12.429 12.157 4.010 28.400 25.221 -999.000 -999.000 -999.000 -999.000 -999.000 -999.000 -999.000 -999.000 -999.000 -999.000 -999.000 -999.000 -999.000 -999.000 24.228 22.776 19.092 3.388 15.373 19.363 14.728 9.623
24.184 15.520 19.559 12.063 13.971 10.309 33.113 23.556 20.899 12.202 24.260 27.416 6.852 21.888 22.378 18.902 12.424 21.249 15.992 16.591 19.653 13.166 15.203 36.802 40.855 5.386 2.999 19.827 9.273 17.487 30.661 26.194 29.748 19.995 20.199 17.785 23.170 5.283 11.225 16.804 17.313 4.742 23.252 31.295 16.292 16.711 7.558 18.011 -999.000 -999.000 -999.000 -999.000 -999.000 -999.000 -999.000 -999.000 -999.000 -999.000 -999.000 -999.000 -999.000 -999.000 -999.000 26.113 34.579 14.768 17.155 4.836 15.546 23.753 27.163
16.090 21.610 15.170 16.184 12.482 16.556 24.641 17.050 25.458 12.031 10.391 15.769 26.763 5.567 30.088 25.135 14.925 20.005 16.209 19.064 15.686 16.388 13.748 37.659 37.375 20.049 10.821 19.399 14.924 13.302 23.634 25.717 14.692 28.348 20.898 27.995 23.014 7.950 11.858 14.630 19.399 0.295 8.150 21.795 23.483 10.278 23.136 -999.000 -999.000 -999.000 -999.000 -999.000 -999.000 -999.000 -999.000 -999.000 -999.000 -999.000 -999.000 -999.000 -999.000 -999.000 -999.000 20.820 35.368 7.536 19.073 12.424 15.441 9.985 15.952
18.701 26.406 13.161 17.120 10.515 16.588 17.834 20.210 23.446 10.460 15.439 25.997 5.696 27.941 25.351 31.849 24.047 7.921 26.025 27.372 19.365 18.116 3.157 33.882 28.049 26.618 23.720 11.915 17.373 20.435 18.287 35.289 27.399 20.400 28.396 31.237 29.889 4.203 3.620 15.331 20.054 3.413 3.280 19.291 29.227 6.033 24.258 -999.000 -999.000 -999.000 -999.000 -999.000 -999.000 -999.000 -999.000 -999.000 -999.000 -999.000 -999.000 -999.000 -999.000 -999.000 -999.000 18.264 35.564 9.755 21.916 13.699 19.429 10.729 19.763
25.272 20.819 26.367 9.217 20.739 26.042 14.582 20.219 18.547 30.323 19.179 30.686 29.179 34.176 2.913 30.260 29.469 26.425 5.010 33.854 26.416 22.689 12.539 27.749 36.579 31.490 33.589 29.357 30.086 25.198 23.609 36.317 39.357 6.127 29.075 31.294 36.223 27.132 19.192 6.721 21.055 12.319 10.537 20.392 40.301 24.587 35.622 -999.000 -999.000 -999.000 -999.000 -999.000 -999.000 -999.000 -999.000 -999.000 -999.000 -999.000 -999.000 -999.000 -999.000 -999.000 -999.000 22.249 27.669 24.033 6.467 12.569 22.299 18.345 15.166
24.096 26.169 18.971 17.199 21.861 11.787 30.385 30.496 37.941 32.834 23.980 21.952 16.270 27.963 29.527 12.249 30.885 28.494 27.468 18.367 25.974 26.822 31.159 18.857 21.271 37.607 31.935 30.868 30.019 24.976 3.688 24.577 40.332 18.688 21.367 29.387 7.522 19.599 16.233 3.275 20.199 18.509 11.019 10.961 28.213 35.663 36.880 37.648 -999.000 -999.000 -999.000 -999.000 -999.000 -999.000 -999.000 -999.000 -999.000 -999.000 -999.000 -999.000 -999.000 -999.000 -999.000 22.304 1.897 19.465 22.059 13.171 22.893 17.517 16.579
