tests/dem_reading/ref_AZI.asc
ncols               386
nrows               229
xllcorner    479497.492
yllcorner     73502.967
cellsize       1000.000
NODATA_value -999
[rows 150 to 179 of 229, columns 268 to 334 of 386]
-999.000 145.210 121.116 96.988 313.341 322.671 -999.000 -999.000 297.757 353.282 332.282 327.721 239.256 148.266 163.754 112.075 59.427 308.292 21.978 57.173 60.208 245.292 218.735 208.965 220.527 226.402 215.150 165.527 173.091 201.680 77.667 181.460 169.883 158.240 127.371 124.564 144.581 208.540 331.223 26.251 248.251 232.369 234.681 185.070 328.094 42.346 338.482 298.153 44.081 18.895 355.971 267.845 271.508 -999.000 -999.000 -999.000 -999.000 -999.000 -999.000 -999.000 -999.000 -999.000 -999.000 -999.000 -999.000 -999.000 -999.000
-999.000 146.046 126.089 306.611 294.849 -999.000 -999.000 -999.000 249.519 218.580 278.071 336.884 7.075 24.940 356.688 11.324 47.875 297.146 39.258 76.798 84.114 265.651 275.296 314.145 320.161 102.814 214.202 231.222 100.136 262.123 64.125 48.606 66.488 135.446 150.285 120.749 317.674 326.287 336.012 12.023 44.169 245.244 248.836 202.195 224.782 132.547 35.375 329.363 43.366 6.802 72.943 273.406 265.580 -999.000 -999.000 -999.000 -999.000 -999.000 -999.000 -999.000 -999.000 -999.000 -999.000 -999.000 -999.000 -999.000 -999.000
-999.000 -999.000 34.871 289.566 300.187 -999.000 -999.000 -999.000 272.774 232.879 208.784 210.963 193.787 146.274 291.060 53.283 70.357 283.019 101.869 92.295 80.390 277.830 280.134 277.518 157.498 195.045 133.112 227.141 119.193 224.812 185.198 99.815 102.719 121.299 154.912 55.862 315.592 329.523 357.094 83.188 303.711 19.801 232.496 225.955 252.889 236.183 127.807 206.678 122.619 96.896 104.636 260.792 226.732 -999.000 -999.000 -999.000 -999.000 -999.000 -999.000 -999.000 -999.000 -999.000 -999.000 -999.000 -999.000 -999.000 -999.000
-999.000 -999.000 -999.000 313.808 313.792 -999.000 -999.000 -999.000 64.470 246.844 196.156 216.617 207.763 196.285 236.628 131.744 98.365 303.130 57.926 63.186 27.796 35.500 243.414 213.034 153.139 209.620 144.073 212.076 150.734 181.195 190.960 183.565 116.937 113.478 327.147 321.071 314.068 311.862 52.092 86.716 282.156 58.404 78.240 237.199 238.497 281.987 65.370 144.318 176.248 174.303 215.615 186.460 73.933 -999.000 -999.000 -999.000 -999.000 -999.000 -999.000 -999.000 -999.000 -999.000 -999.000 -999.000 -999.000 -999.000 -999.000
-999.000 -999.000 -999.000 -999.000 -999.000 -999.000 -999.000 -999.000 89.988 293.355 23.390 254.716 204.465 238.486 237.255 329.716 11.772 322.049 73.774 67.700 96.817 104.691 233.755 194.312 193.491 219.840 296.588 333.852 12.961 357.332 23.120 35.672 114.666 152.783 282.534 293.714 304.990 0.688 121.193 113.059 283.466 14.366 43.844 43.563 236.032 223.646 153.043 122.854 295.287 341.957 332.100 31.906 21.046 -999.000 -999.000 -999.000 -999.000 -999.000 -999.000 -999.000 -999.000 -999.000 -999.000 -999.000 -999.000 -999.000 -999.000
-999.000 -999.000 -999.000 -999.000 -999.000 -999.000 -999.000 -999.000 90.470 277.310 41.509 43.027 356.137 217.318 216.051 207.483 181.500 193.722 128.836 119.462 69.715 28.884 7.107 335.221 346.186 320.958 330.290 278.772 60.142 175.664 118.859 115.515 118.281 280.333 284.921 285.087 268.881 125.583 107.431 285.899 291.169 318.881 64.958 66.022 297.968 212.787 182.404 157.826 279.248 180.000 212.389 292.073 210.331 -999.000 -999.000 -999.000 -999.000 -999.000 -999.000 -999.000 -999.000 -999.000 -999.000 -999.000 -999.000 -999.000 -999.000
-999.000 -999.000 -999.000 -999.000 -999.000 -999.000 -999.000 -999.000 85.874 275.598 12.030 65.201 349.694 37.697 237.125 193.342 199.827 226.390 49.578 83.368 174.640 56.734 19.016 283.792 16.708 302.777 33.370 264.931 131.649 137.623 143.844 147.418 135.000 322.056 312.513 284.557 245.761 114.339 104.918 288.931 298.640 70.764 111.658 97.400 285.753 8.168 19.044 226.044 209.744 211.982 200.830 212.412 172.382 162.300 -999.000 -999.000 -999.000 -999.000 -999.000 -999.000 -999.000 -999.000 -999.000 -999.000 -999.000 -999.000 -999.000
-999.000 -999.000 -999.000 -999.000 -999.000 -999.000 -999.000 -999.000 88.632 271.885 314.788 45.504 350.002 79.714 325.991 342.139 25.036 262.770 188.361 88.077 336.261 80.237 346.204 278.501 310.291 288.157 149.779 171.638 158.979 158.620 135.305 318.415 325.490 317.079 323.163 322.188 234.890 112.795 80.914 291.776 290.572 88.587 97.254 88.003 287.404 336.284 53.090 54.020 327.279 282.930 18.822 106.811 142.254 193.427 244.111 231.221 -999.000 224.960 143.358 148.865 179.073 -999.000 -999.000 -999.000 -999.000 -999.000 -999.000
-999.000 -999.000 -999.000 -999.000 -999.000 -999.000 -999.000 -999.000 72.384 251.011 209.953 230.344 62.021 92.811 277.919 310.964 50.248 325.933 283.761 34.165 105.727 87.798 331.010 320.246 307.405 139.298 145.811 148.280 145.785 134.790 316.116 322.450 317.967 319.573 313.725 9.398 48.952 92.822 290.886 296.260 303.798 62.955 66.396 58.130 290.087 356.942 61.176 61.869 15.147 234.243 188.494 115.892 107.798 247.401 241.373 226.584 193.973 162.828 132.634 180.772 194.915 -999.000 -999.000 -999.000 -999.000 -999.000 -999.000
-999.000 -999.000 -999.000 -999.000 -999.000 -999.000 -999.000 -999.000 59.679 17.390 240.792 256.639 90.175 78.754 269.857 258.698 60.006 60.196 274.334 96.668 86.899 315.309 316.468 238.287 135.437 128.898 131.592 118.190 315.000 315.356 303.127 282.872 306.790 344.638 288.287 52.932 87.111 90.018 276.230 289.242 316.352 81.064 88.150 74.617 262.068 190.197 356.380 65.239 26.316 42.769 240.878 130.377 121.581 213.317 223.437 180.680 187.055 163.654 154.350 192.560 260.342 277.466 -999.000 -999.000 -999.000 -999.000 -999.000
-999.000 -999.000 -999.000 -999.000 -999.000 -999.000 -999.000 -999.000 64.468 45.606 286.649 262.532 77.843 82.132 277.115 263.488 359.644 42.080 305.803 97.408 105.504 215.859 215.446 155.294 130.269 154.075 150.332 332.587 334.215 324.603 32.970 263.087 239.589 254.993 273.561 103.269 104.150 84.149 266.566 232.284 228.749 74.593 79.942 348.524 314.619 304.350 286.511 36.380 41.431 41.797 45.000 58.937 21.845 57.059 221.207 232.535 108.577 119.935 198.930 267.972 285.366 291.017 -999.000 -999.000 -999.000 -999.000 -999.000
-999.000 -999.000 -999.000 -999.000 -999.000 -999.000 -999.000 -999.000 54.621 55.527 101.838 253.181 159.049 69.358 323.355 320.484 347.558 112.583 179.312 135.462 121.080 197.056 169.880 175.547 149.494 227.955 323.400 333.390 342.660 55.664 163.115 95.512 260.300 266.613 258.827 110.759 117.668 311.659 356.951 297.864 256.220 189.062 74.442 320.628 335.960 2.310 303.325 10.171 52.626 7.698 41.597 106.145 229.171 95.240 160.656 219.411 168.407 165.069 293.914 309.575 314.702 -999.000 -999.000 -999.000 -999.000 -999.000 -999.000
-999.000 -999.000 -999.000 -999.000 -999.000 -999.000 -999.000 -999.000 -999.000 91.112 95.278 266.599 281.063 51.431 293.838 302.164 100.657 119.442 162.751 164.817 138.882 33.190 110.825 212.360 341.525 320.350 282.269 307.959 1.290 76.172 286.482 66.829 251.253 230.462 255.181 101.818 80.848 280.292 348.985 332.295 328.313 322.459 43.448 341.687 6.757 357.520 325.658 48.953 97.880 148.665 137.406 109.032 254.115 101.754 165.480 291.291 329.902 331.047 322.533 319.953 -999.000 -999.000 -999.000 -999.000 -999.000 -999.000 -999.000
-999.000 -999.000 -999.000 -999.000 -999.000 -999.000 -999.000 -999.000 101.649 97.064 28.660 294.446 235.248 223.861 316.852 145.955 161.031 35.579 36.644 355.032 357.348 91.049 97.848 271.856 304.864 36.587 256.676 262.282 57.413 75.327 295.238 61.006 21.931 267.821 289.803 59.813 21.841 319.935 303.655 324.478 319.578 -999.000 -999.000 325.352 329.513 -999.000 -999.000 127.516 132.348 135.448 168.479 139.751 235.171 109.115 243.948 287.223 309.977 319.995 279.142 -999.000 -999.000 -999.000 -999.000 -999.000 -999.000 -999.000 -999.000
-999.000 -999.000 -999.000 -999.000 -999.000 -999.000 -999.000 -999.000 -999.000 317.043 37.373 324.054 358.703 285.587 159.790 81.119 342.268 329.510 77.810 122.774 162.389 140.016 100.529 276.777 275.569 45.900 47.385 254.471 236.010 81.412 266.964 60.268 67.540 262.216 254.673 34.643 13.485 344.517 320.695 318.042 -999.000 -999.000 -999.000 -999.000 -999.000 -999.000 -999.000 99.483 67.530 32.919 26.884 80.569 221.802 99.799 224.711 233.785 235.859 231.069 250.186 -999.000 -999.000 -999.000 -999.000 -999.000 -999.000 -999.000 -999.000
-999.000 -999.000 -999.000 -999.000 -999.000 -999.000 -999.000 -999.000 -999.000 -999.000 -999.000 272.833 139.424 198.473 157.192 179.407 172.210 181.864 158.904 142.141 141.121 168.233 167.865 284.253 292.148 9.281 64.462 277.664 275.203 69.750 311.654 328.520 51.656 301.552 262.851 257.341 -999.000 -999.000 -999.000 -999.000 -999.000 -999.000 -999.000 -999.000 -999.000 -999.000 -999.000 -999.000 12.061 46.297 53.890 54.985 95.764 116.128 237.166 269.381 286.846 284.081 -999.000 -999.000 -999.000 -999.000 -999.000 -999.000 -999.000 -999.000 -999.000
-999.000 -999.000 -999.000 -999.000 -999.000 -999.000 -999.000 -999.000 -999.000 -999.000 -999.000 -999.000 159.632 184.754 152.043 170.438 168.095 182.581 157.946 169.399 154.306 223.489 306.148 298.800 311.082 91.542 357.295 338.898 256.439 96.229 0.643 310.993 55.441 318.871 313.262 -999.000 -999.000 -999.000 -999.000 -999.000 -999.000 -999.000 -999.000 -999.000 -999.000 -999.000 -999.000 -999.000 -999.000 110.341 140.889 139.641 105.540 110.249 276.671 289.984 279.710 279.488 -999.000 -999.000 -999.000 -999.000 -999.000 -999.000 -999.000 -999.000 -999.000
-999.000 -999.000 -999.000 -999.000 -999.000 -999.000 -999.000 -999.000 -999.000 -999.000 -999.000 -999.000 154.853 189.719 151.756 170.873 175.287 175.153 166.120 148.144 322.323 333.898 307.117 285.392 293.088 85.401 276.912 273.998 -999.000 -999.000 -999.000 -999.000 158.796 -999.000 -999.000 -999.000 -999.000 -999.000 -999.000 -999.000 -999.000 -999.000 -999.000 -999.000 -999.000 -999.000 -999.000 -999.000 -999.000 109.007 76.551 89.187 109.667 104.097 279.190 276.856 280.379 262.551 -999.000 -999.000 -999.000 -999.000 -999.000 -999.000 -999.000 -999.000 -999.000
-999.000 -999.000 -999.000 -999.000 -999.000 -999.000 -999.000 -999.000 -999.000 -999.000 -999.000 -999.000 159.828 188.826 156.625 207.779 320.252 353.592 336.363 337.271 327.488 352.542 327.333 298.441 278.151 81.421 272.348 280.615 -999.000 -999.000 -999.000 -999.000 -999.000 -999.000 -999.000 -999.000 -999.000 -999.000 -999.000 -999.000 -999.000 -999.000 -999.000 -999.000 -999.000 -999.000 -999.000 -999.000 112.270 144.275 158.551 88.101 84.434 89.547 273.294 263.499 245.774 247.287 -999.000 -999.000 -999.000 -999.000 -999.000 -999.000 -999.000 -999.000 -999.000
-999.000 -999.000 -999.000 -999.000 -999.000 -999.000 -999.000 -999.000 -999.000 -999.000 -999.000 -999.000 -999.000 350.996 349.593 336.975 323.428 345.226 345.530 338.702 333.088 46.679 244.108 235.618 248.281 92.417 294.671 281.653 -999.000 -999.000 -999.000 -999.000 -999.000 -999.000 -999.000 -999.000 -999.000 -999.000 -999.000 -999.000 -999.000 -999.000 -999.000 -999.000 -999.000 -999.000 -999.000 -999.000 -999.000 63.760 23.649 100.959 93.281 108.905 237.878 245.971 252.129 238.080 229.830 -999.000 -999.000 -999.000 -999.000 -999.000 -999.000 -999.000 -999.000
-999.000 -999.000 -999.000 -999.000 -999.000 -999.000 -999.000 -999.000 -999.000 -999.000 -999.000 -999.000 -999.000 -999.000 338.700 14.190 253.836 199.217 225.435 248.015 264.964 89.472 299.089 313.923 314.146 78.250 267.222 300.979 -999.000 -999.000 -999.000 -999.000 -999.000 -999.000 -999.000 -999.000 -999.000 -999.000 -999.000 -999.000 -999.000 -999.000 -999.000 -999.000 -999.000 -999.000 -999.000 -999.000 -999.000 -999.000 45.835 77.368 85.785 89.847 218.563 232.991 235.342 229.704 216.155 214.423 -999.000 -999.000 -999.000 -999.000 -999.000 -999.000 -999.000
-999.000 -999.000 -999.000 -999.000 -999.000 -999.000 -999.000 -999.000 -999.000 -999.000 -999.000 -999.000 -999.000 -999.000 326.188 13.384 22.597 0.840 301.162 267.420 260.684 82.118 293.435 293.649 3.656 80.774 316.751 296.583 -999.000 -999.000 -999.000 -999.000 -999.000 -999.000 -999.000 -999.000 -999.000 -999.000 -999.000 -999.000 -999.000 -999.000 -999.000 -999.000 -999.000 -999.000 -999.000 -999.000 -999.000 -999.000 96.349 107.791 96.112 51.729 48.933 237.072 239.914 206.008 209.513 252.620 254.517 -999.000 -999.000 -999.000 -999.000 -999.000 -999.000
-999.000 -999.000 -999.000 -999.000 -999.000 -999.000 -999.000 -999.000 -999.000 -999.000 -999.000 -999.000 -999.000 -999.000 -999.000 -999.000 -999.000 11.136 336.804 318.731 294.706 77.406 284.880 292.570 -999.000 86.990 272.767 270.784 -999.000 -999.000 -999.000 -999.000 -999.000 -999.000 -999.000 -999.000 -999.000 -999.000 -999.000 -999.000 -999.000 -999.000 -999.000 -999.000 -999.000 -999.000 -999.000 -999.000 -999.000 -999.000 87.579 48.830 39.838 36.347 49.146 51.837 253.895 275.553 311.266 280.167 225.282 213.983 -999.000 -999.000 -999.000 -999.000 -999.000
-999.000 -999.000 -999.000 -999.000 -999.000 -999.000 -999.000 -999.000 -999.000 -999.000 -999.000 -999.000 -999.000 -999.000 -999.000 -999.000 -999.000 -999.000 -999.000 -999.000 -999.000 6.568 325.244 -999.000 -999.000 -999.000 -999.000 -999.000 -999.000 -999.000 -999.000 -999.000 -999.000 -999.000 -999.000 -999.000 -999.000 -999.000 -999.000 -999.000 -999.000 -999.000 -999.000 -999.000 -999.000 -999.000 -999.000 -999.000 -999.000 -999.000 -999.000 42.913 49.063 14.451 55.674 74.596 225.000 225.459 203.134 200.230 211.929 239.270 269.621 -999.000 -999.000 -999.000 -999.000
-999.000 -999.000 -999.000 -999.000 -999.000 -999.000 -999.000 -999.000 -999.000 -999.000 -999.000 -999.000 -999.000 -999.000 -999.000 -999.000 -999.000 -999.000 -999.000 -999.000 -999.000 -999.000 -999.000 -999.000 -999.000 -999.000 -999.000 -999.000 -999.000 -999.000 -999.000 -999.000 -999.000 -999.000 -999.000 -999.000 -999.000 -999.000 -999.000 -999.000 -999.000 -999.000 -999.000 -999.000 -999.000 -999.000 -999.000 -999.000 -999.000 -999.000 -999.000 -999.000 -999.000 34.402 47.475 47.200 41.532 240.620 198.902 217.471 238.298 267.040 247.703 -999.000 -999.000 -999.000 -999.000
-999.000 -999.000 -999.000 -999.000 -999.000 -999.000 -999.000 -999.000 -999.000 -999.000 -999.000 -999.000 -999.000 -999.000 -999.000 -999.000 -999.000 -999.000 -999.000 -999.000 -999.000 -999.000 -999.000 -999.000 -999.000 -999.000 -999.000 -999.000 -999.000 -999.000 -999.000 -999.000 -999.000 -999.000 -999.000 -999.000 -999.000 -999.000 -999.000 -999.000 -999.000 -999.000 -999.000 -999.000 -999.000 -999.000 -999.000 -999.000 -999.000 -999.000 -999.000 -999.000 -999.000 -999.000 -999.000 44.982 39.122 25.304 150.370 242.288 249.015 233.112 226.454 215.503 -999.000 -999.000 -999.000
-999.000 -999.000 -999.000 -999.000 -999.000 -999.000 -999.000 -999.000 -999.000 -999.000 -999.000 -999.000 -999.000 -999.000 -999.000 -999.000 -999.000 -999.000 -999.000 -999.000 -999.000 -999.000 -999.000 -999.000 -999.000 -999.000 -999.000 -999.000 -999.000 -999.000 -999.000 -999.000 -999.000 -999.000 -999.000 -999.000 -999.000 -999.000 -999.000 -999.000 -999.000 -999.000 -999.000 -999.000 -999.000 -999.000 -999.000 -999.000 -999.000 -999.000 -999.000 -999.000 -999.000 -999.000 -999.000 0.564 29.768 26.188 63.206 256.259 236.994 222.878 224.482 -999.000 -999.000 -999.000 -999.000
-999.000 -999.000 -999.000 -999.000 -999.000 -999.000 -999.000 -999.000 -999.000 -999.000 -999.000 -999.000 -999.000 -999.000 -999.000 -999.000 -999.000 -999.000 -999.000 -999.000 -999.000 -999.000 -999.000 -999.000 -999.000 -999.000 -999.000 -999.000 -999.000 -999.000 -999.000 -999.000 -999.000 -999.000 -999.000 -999.000 -999.000 -999.000 -999.000 -999.000 -999.000 -999.000 -999.000 -999.000 -999.000 -999.000 -999.000 -999.000 -999.000 -999.000 -999.000 -999.000 -999.000 -999.000 110.173 92.106 116.184 121.959 99.304 206.357 233.983 247.216 -999.000 -999.000 -999.000 -999.000 -999.000
-999.000 -999.000 -999.000 -999.000 -999.000 -999.000 -999.000 -999.000 -999.000 -999.000 -999.000 -999.000 -999.000 -999.000 -999.000 -999.000 -999.000 -999.000 -999.000 -999.000 -999.000 -999.000 -999.000 -999.000 -999.000 -999.000 -999.000 -999.000 -999.000 -999.000 -999.000 -999.000 -999.000 -999.000 -999.000 -999.000 -999.000 -999.000 -999.000 -999.000 -999.000 -999.000 -999.000 -999.000 -999.000 -999.000 -999.000 -999.000 -999.000 -999.000 -999.000 -999.000 -999.000 -999.000 121.148 140.044 140.666 63.746 55.442 65.933 60.924 -999.000 -999.000 -999.000 -999.000 -999.000 -999.000
-999.000 -999.000 -999.000 -999.000 -999.000 -999.000 -999.000 -999.000 -999.000 -999.000 -999.000 -999.000 -999.000 -999.000 -999.000 -999.000 -999.000 -999.000 -999.000 -999.000 -999.000 -999.000 -999.000 -999.000 -999.000 -999.000 -999.000 -999.000 -999.000 -999.000 -999.000 -999.000 -999.000 -999.000 -999.000 -999.000 -999.000 -999.000 -999.000 -999.000 -999.000 -999.000 -999.000 -999.000 -999.000 -999.000 -999.000 -999.000 -999.000 -999.000 -999.000 -999.000 -999.000 -999.000 105.622 104.147 -999.000 -999.000 -999.000 -999.000 -999.000 -999.000 -999.000 -999.000 -999.000 -999.000 -999.000
