tests/dem_reading/ref_SLOPE.asc
ncols               386
nrows               229
xllcorner    479497.492
yllcorner     73502.967
cellsize       1000.000
NODATA_value -999
[rows 160 to 191 of 229, columns 213 to 283 of 386]
13.175 26.694 22.933 12.732 13.412 28.906 6.543 12.442 13.608 21.879 22.919 29.432 19.062 26.280 24.275 12.973 27.930 29.189 26.414 11.084 17.355 18.992 23.576 26.387 12.437 29.012 27.596 22.825 5.689 30.703 33.981 20.553 22.693 22.953 5.213 26.943 28.423 27.046 28.574 14.562 13.001 22.360 28.204 25.666 4.196 32.397 38.644 32.529 25.397 -999.000 -999.000 -999.000 -999.000 -999.000 -999.000 -999.000 -999.000 -999.000 -999.000 -999.000 -999.000 -999.000 -999.000 18.981 14.942 8.345 28.108 9.883 20.941 9.480 18.184
11.772 28.537 18.936 7.926 26.168 32.837 30.872 22.399 17.406 22.578 20.040 29.434 29.087 3.038 23.553 26.692 3.059 32.462 26.152 24.571 5.966 18.532 22.646 28.361 20.435 17.468 23.756 6.326 23.568 17.740 16.983 20.193 30.674 26.360 8.042 27.045 29.040 28.182 29.286 15.960 7.948 16.342 16.509 29.193 18.418 29.784 32.684 26.033 29.798 -999.000 -999.000 -999.000 -999.000 -999.000 -999.000 -999.000 -999.000 -999.000 -999.000 -999.000 -999.000 -999.000 -999.000 17.294 15.631 9.001 30.905 6.494 16.708 18.814 17.487
25.984 33.189 13.524 22.998 20.342 30.774 28.313 18.647 16.554 12.937 8.079 16.180 35.232 33.415 25.194 15.597 21.865 21.819 32.755 24.218 26.365 14.008 21.253 30.673 24.765 6.629 25.633 33.580 33.404 33.977 23.135 18.961 24.353 14.314 14.148 29.629 27.830 23.053 32.572 27.809 17.659 9.772 24.991 28.361 16.737 26.690 29.531 33.397 34.038 -999.000 -999.000 -999.000 -999.000 -999.000 -999.000 -999.000 -999.000 -999.000 -999.000 -999.000 -999.000 -999.000 -999.000 -999.000 21.048 11.526 25.264 11.185 13.658 14.125 7.544
12.105 38.280 35.105 32.033 20.803 26.933 18.440 21.977 3.710 16.713 27.339 20.752 26.603 29.382 23.320 34.527 36.693 16.429 26.437 33.745 20.575 22.865 18.755 30.160 27.539 4.049 31.748 30.438 33.938 24.282 11.544 5.436 25.518 19.444 26.271 34.056 25.912 27.151 32.738 35.277 25.067 13.440 25.343 29.793 21.576 22.648 36.329 38.150 41.389 -999.000 -999.000 -999.000 -999.000 -999.000 -999.000 -999.000 -999.000 -999.000 -999.000 -999.000 -999.000 -999.000 -999.000 25.230 10.519 16.112 16.160 14.016 2.220 10.549 10.104
19.792 25.927 3.087 7.395 33.498 19.220 5.432 21.383 30.527 36.632 40.300 22.553 24.879 28.025 27.655 31.621 37.087 21.345 13.666 25.219 33.736 32.479 15.557 30.856 27.223 3.085 29.097 19.314 28.817 37.111 30.556 22.310 29.640 29.902 27.615 23.089 18.700 40.113 7.180 22.068 8.624 23.258 30.038 24.611 25.619 21.421 35.291 36.936 31.467 -999.000 -999.000 -999.000 -999.000 -999.000 -999.000 -999.000 -999.000 -999.000 -999.000 -999.000 -999.000 -999.000 -999.000 -999.000 14.256 16.138 15.716 10.795 12.296 4.774 7.416
28.039 25.308 13.983 6.607 30.006 28.202 13.378 27.229 15.595 9.497 10.864 17.438 34.651 13.359 9.961 31.651 21.975 39.409 39.903 21.234 18.589 35.017 25.946 25.584 23.880 13.910 35.555 32.894 30.013 22.277 8.049 19.636 11.996 26.032 13.934 22.625 20.734 39.365 12.925 26.783 17.569 23.041 22.488 28.199 14.080 27.228 30.575 36.802 41.264 -999.000 -999.000 -999.000 -999.000 -999.000 -999.000 -999.000 -999.000 -999.000 -999.000 -999.000 -999.000 -999.000 -999.000 -999.000 -999.000 -999.000 6.115 10.400 15.083 21.867 25.241
24.947 32.961 15.868 22.221 15.385 29.593 18.439 5.659 19.995 25.258 22.249 17.465 34.917 35.149 28.720 27.355 23.548 22.138 20.122 40.794 17.936 12.047 33.535 34.311 20.355 28.690 25.200 26.508 28.534 29.367 26.015 24.280 20.686 21.602 9.319 20.471 27.671 29.887 33.435 25.235 20.059 17.211 30.024 33.628 7.863 33.585 17.520 38.589 36.212 24.160 -999.000 -999.000 -999.000 -999.000 -999.000 -999.000 -999.000 -999.000 -999.000 -999.000 -999.000 -999.000 -999.000 -999.000 -999.000 -999.000 -999.000 26.244 24.132 28.473 29.894
4.647 33.540 19.263 19.677 25.025 19.247 19.537 29.650 37.039 27.462 34.015 3.750 37.400 23.160 4.535 11.725 14.780 18.820 21.325 40.751 32.488 24.871 24.091 4.968 1.213 38.553 14.456 31.951 8.756 11.597 16.665 16.888 17.841 15.925 19.435 26.005 26.231 34.955 19.292 18.249 20.902 28.422 34.173 30.906 20.297 25.878 20.493 36.438 24.999 27.992 19.686 -999.000 -999.000 -999.000 -999.000 -999.000 -999.000 -999.000 -999.000 -999.000 -999.000 -999.000 -999.000 -999.000 -999.000 -999.000 -999.000 33.087 32.939 34.430 30.630
15.340 28.067 25.559 12.894 16.917 23.680 21.465 16.324 17.645 33.440 30.438 25.332 29.802 23.457 31.476 16.266 16.077 14.390 5.551 36.100 10.204 27.159 35.126 21.981 0.292 36.648 30.616 29.667 25.743 22.241 28.801 32.563 33.425 16.219 21.284 31.711 12.237 32.686 14.156 4.230 19.070 16.957 24.697 30.929 30.980 24.731 21.584 7.564 28.876 21.865 24.049 -999.000 -999.000 -999.000 -999.000 -999.000 -999.000 -999.000 -999.000 -999.000 -999.000 -999.000 -999.000 -999.000 -999.000 -999.000 -999.000 32.402 27.660 26.265 10.474
31.001 19.328 26.954 20.143 19.836 5.201 26.911 32.385 37.881 29.870 28.243 12.103 34.653 32.889 24.969 29.422 15.015 18.250 36.244 27.473 25.222 19.057 33.770 29.524 9.259 27.370 42.539 29.310 17.482 19.643 24.287 24.403 20.815 32.367 24.923 31.266 12.652 26.694 26.859 2.177 12.875 23.614 40.121 21.820 31.219 29.056 21.548 28.386 16.315 24.049 -999.000 -999.000 -999.000 -999.000 -999.000 -999.000 -999.000 -999.000 -999.000 -999.000 -999.000 -999.000 -999.000 -999.000 -999.000 -999.000 -999.000 -999.000 10.308 17.848 20.235
16.233 4.201 26.695 6.082 15.968 27.308 6.083 5.539 23.825 17.891 27.841 18.728 24.093 35.180 39.747 18.597 25.574 13.504 23.915 23.785 42.171 21.139 29.625 26.369 15.206 16.212 39.526 34.472 34.543 32.215 9.925 27.105 2.294 24.027 20.698 22.363 3.530 32.459 22.073 2.733 24.298 34.961 38.183 18.066 31.498 11.680 34.719 18.077 10.677 14.678 13.040 -999.000 -999.000 -999.000 -999.000 -999.000 -999.000 -999.000 -999.000 -999.000 -999.000 -999.000 -999.000 -999.000 -999.000 -999.000 -999.000 -999.000 -999.000 31.161 24.679
11.205 21.306 12.936 23.259 9.796 22.501 28.643 22.487 1.401 13.534 29.576 23.500 32.058 26.631 17.716 10.518 32.744 31.663 19.832 22.993 22.485 40.678 8.152 28.666 22.903 6.220 36.023 25.335 8.792 25.453 8.819 22.715 10.029 21.866 30.778 22.742 2.113 33.864 26.687 20.598 32.078 35.303 22.745 27.320 18.012 15.105 9.894 29.051 15.430 27.995 -999.000 -999.000 -999.000 -999.000 -999.000 -999.000 -999.000 -999.000 -999.000 -999.000 -999.000 -999.000 -999.000 -999.000 -999.000 -999.000 -999.000 -999.000 -999.000 24.388 27.982
15.715 15.099 17.556 9.806 16.752 5.643 22.795 32.121 27.707 10.353 29.972 26.300 27.906 27.327 27.229 12.838 25.210 8.444 21.222 10.819 7.220 29.494 20.792 31.192 28.144 6.971 27.598 24.091 23.889 18.532 20.068 16.913 18.556 17.957 30.772 31.148 14.831 32.873 26.786 27.269 42.457 38.487 3.132 31.990 18.548 23.064 14.933 12.421 30.806 37.760 -999.000 -999.000 -999.000 -999.000 -999.000 -999.000 -999.000 -999.000 -999.000 -999.000 -999.000 -999.000 -999.000 -999.000 -999.000 -999.000 -999.000 -999.000 -999.000 -999.000 -999.000
25.244 7.742 11.473 19.357 19.332 19.800 33.505 8.879 32.029 38.681 25.999 23.512 31.194 35.283 12.271 18.040 11.059 27.221 11.173 10.196 11.534 24.658 27.150 35.677 34.097 16.390 12.765 35.873 25.848 13.511 33.379 26.622 0.165 31.159 25.711 30.879 28.236 29.521 16.712 42.129 44.044 21.950 25.558 33.426 21.312 10.267 6.046 11.380 22.542 -999.000 -999.000 -999.000 -999.000 -999.000 -999.000 -999.000 -999.000 -999.000 -999.000 -999.000 -999.000 -999.000 -999.000 -999.000 -999.000 -999.000 -999.000 -999.000 -999.000 -999.000 -999.000
30.164 29.623 25.400 35.067 31.904 28.812 6.294 36.227 28.126 10.197 20.931 4.319 32.309 28.484 21.447 28.389 21.105 15.762 28.214 19.836 5.630 16.154 28.020 40.759 21.480 24.842 5.498 28.001 22.866 28.228 27.550 7.494 18.168 16.932 24.495 30.748 22.642 28.803 9.262 35.875 29.994 4.352 38.484 29.575 19.167 13.346 13.793 6.354 12.871 -999.000 -999.000 -999.000 -999.000 -999.000 -999.000 -999.000 -999.000 -999.000 -999.000 -999.000 -999.000 -999.000 -999.000 -999.000 -999.000 -999.000 -999.000 -999.000 -999.000 -999.000 -999.000
28.374 37.464 19.683 6.565 13.910 24.526 9.819 10.332 21.080 30.689 27.260 1.353 31.126 31.867 25.137 16.062 29.327 23.666 16.259 32.257 24.477 28.144 24.942 16.713 26.271 32.081 0.606 21.665 32.593 29.181 36.132 20.872 14.982 19.209 19.638 31.715 22.613 21.094 22.863 33.797 29.348 21.382 40.704 30.474 21.241 30.234 27.566 33.353 -999.000 -999.000 -999.000 -999.000 -999.000 -999.000 -999.000 -999.000 -999.000 -999.000 -999.000 -999.000 -999.000 -999.000 -999.000 -999.000 -999.000 -999.000 -999.000 -999.000 -999.000 -999.000 -999.000
15.618 6.892 31.380 15.576 31.773 14.298 26.557 27.368 7.385 24.813 27.928 21.513 17.467 31.113 1.328 25.621 31.946 17.921 24.608 27.576 26.188 32.427 19.238 21.698 26.196 38.491 6.175 8.218 28.151 22.423 30.849 25.679 13.326 19.596 21.917 26.491 32.365 2.346 24.333 29.614 13.908 35.103 32.493 20.469 26.259 18.872 24.341 24.238 -999.000 -999.000 -999.000 -999.000 -999.000 -999.000 -999.000 -999.000 -999.000 -999.000 -999.000 -999.000 -999.000 -999.000 -999.000 -999.000 -999.000 -999.000 -999.000 -999.000 -999.000 -999.000 -999.000
31.657 26.988 6.498 24.050 27.002 19.320 17.714 31.300 32.058 10.174 33.137 36.527 20.650 29.557 33.912 35.105 24.622 31.147 18.579 11.835 12.254 28.473 11.359 13.269 21.349 31.534 21.333 0.595 18.416 25.540 28.297 31.595 3.501 23.545 25.632 19.888 34.508 19.688 25.025 24.075 10.234 29.795 23.364 25.174 34.069 27.500 28.499 -999.000 -999.000 -999.000 -999.000 -999.000 -999.000 -999.000 -999.000 -999.000 -999.000 -999.000 -999.000 -999.000 -999.000 -999.000 -999.000 -999.000 -999.000 -999.000 -999.000 -999.000 -999.000 -999.000 -999.000
26.064 21.498 16.337 25.169 28.219 23.859 13.878 15.383 15.787 27.297 24.312 15.433 31.224 18.967 15.204 8.294 19.344 35.742 39.108 29.214 17.819 25.690 16.284 23.121 8.817 19.800 36.264 15.959 2.096 23.948 28.439 35.963 20.533 17.292 19.413 28.031 5.693 27.715 19.952 17.789 29.076 30.181 32.713 34.831 14.501 30.213 28.970 -999.000 -999.000 -999.000 -999.000 -999.000 -999.000 -999.000 -999.000 -999.000 -999.000 -999.000 -999.000 -999.000 -999.000 -999.000 -999.000 -999.000 -999.000 -999.000 -999.000 -999.000 -999.000 -999.000 -999.000
33.701 9.529 29.624 2.634 26.872 11.236 24.875 20.097 7.622 22.159 18.882 13.997 23.451 37.255 38.984 17.179 20.490 32.916 33.140 17.799 22.309 7.952 23.900 18.811 18.737 16.688 36.901 24.297 1.286 11.502 25.735 27.057 27.792 31.730 33.178 29.406 12.126 7.245 12.149 6.120 33.075 28.343 16.613 7.871 29.506 18.180 24.617 -999.000 -999.000 -999.000 -999.000 -999.000 -999.000 -999.000 -999.000 -999.000 -999.000 -999.000 -999.000 -999.000 -999.000 -999.000 -999.000 -999.000 -999.000 -999.000 -999.000 -999.000 -999.000 -999.000 -999.000
19.784 28.962 37.403 21.001 0.746 21.638 27.126 30.356 26.662 26.340 1.629 7.471 7.335 17.406 39.811 7.423 34.949 7.781 25.602 30.421 27.000 11.030 22.900 26.604 24.801 17.802 28.002 28.881 15.535 3.599 29.873 19.523 27.481 28.889 29.683 23.773 22.112 18.768 5.300 25.339 27.293 21.901 18.413 23.151 23.332 22.523 24.617 -999.000 -999.000 -999.000 -999.000 -999.000 -999.000 -999.000 -999.000 -999.000 -999.000 -999.000 -999.000 -999.000 -999.000 -999.000 -999.000 -999.000 -999.000 -999.000 -999.000 -999.000 -999.000 -999.000 -999.000
22.083 14.467 26.443 27.292 25.485 9.143 22.734 24.377 24.843 22.327 21.041 15.785 30.710 31.899 24.069 6.248 33.354 21.841 32.987 22.865 17.878 5.366 8.964 20.068 12.795 27.215 17.878 25.964 26.448 6.067 18.592 25.066 21.008 7.569 2.059 2.361 5.125 10.564 28.371 28.698 20.610 11.449 20.230 28.293 28.985 -999.000 -999.000 -999.000 -999.000 -999.000 -999.000 -999.000 -999.000 -999.000 -999.000 -999.000 -999.000 -999.000 -999.000 -999.000 -999.000 -999.000 -999.000 -999.000 -999.000 -999.000 -999.000 -999.000 -999.000 -999.000 -999.000
9.938 15.770 20.103 4.287 30.191 20.695 1.853 13.183 30.827 28.030 25.454 19.293 34.637 36.683 24.006 23.098 25.924 28.778 35.319 19.943 23.136 20.845 9.452 15.898 15.642 25.458 19.762 19.812 19.427 16.480 1.237 5.745 20.536 27.456 30.926 31.133 30.189 21.393 14.320 28.897 18.119 24.629 27.283 23.101 22.348 -999.000 -999.000 -999.000 -999.000 -999.000 -999.000 -999.000 -999.000 -999.000 -999.000 -999.000 -999.000 -999.000 -999.000 -999.000 -999.000 -999.000 -999.000 -999.000 -999.000 -999.000 -999.000 -999.000 -999.000 -999.000 -999.000
24.131 16.765 26.278 13.723 17.026 25.915 26.663 16.432 27.377 21.555 19.144 23.465 30.476 27.780 11.988 25.140 7.006 18.520 18.049 15.378 7.889 11.424 19.238 28.598 14.079 11.577 20.808 19.552 16.856 17.070 1.028 9.310 18.634 18.561 26.829 28.209 25.026 26.341 25.056 11.779 29.496 28.437 13.091 29.760 -999.000 -999.000 -999.000 -999.000 -999.000 -999.000 -999.000 -999.000 -999.000 -999.000 -999.000 -999.000 -999.000 -999.000 -999.000 -999.000 -999.000 -999.000 -999.000 -999.000 -999.000 -999.000 -999.000 -999.000 -999.000 -999.000 -999.000
28.253 16.096 22.656 23.819 4.373 17.977 17.787 15.185 28.432 17.499 15.897 0.355 7.656 11.134 14.377 22.366 9.483 26.594 16.832 17.502 5.491 12.277 12.179 18.003 11.896 25.731 22.430 27.565 24.995 9.181 16.249 33.663 28.510 7.968 24.358 13.314 11.130 23.308 16.843 20.926 18.040 22.006 23.438 -999.000 -999.000 -999.000 -999.000 -999.000 -999.000 -999.000 -999.000 -999.000 -999.000 -999.000 -999.000 -999.000 -999.000 -999.000 -999.000 -999.000 -999.000 -999.000 -999.000 -999.000 -999.000 -999.000 -999.000 -999.000 -999.000 -999.000 -999.000
31.620 26.542 21.687 28.795 29.636 14.234 19.224 17.309 21.896 24.635 23.113 5.035 19.277 20.071 12.772 20.386 23.690 18.728 17.966 26.445 23.906 18.821 17.084 10.237 18.220 22.657 27.844 26.680 13.632 3.000 24.836 29.431 17.639 25.991 15.714 16.160 15.999 15.126 22.096 7.975 11.163 24.681 28.359 -999.000 -999.000 -999.000 -999.000 -999.000 -999.000 -999.000 -999.000 -999.000 -999.000 -999.000 -999.000 -999.000 -999.000 -999.000 -999.000 -999.000 -999.000 -999.000 -999.000 -999.000 -999.000 -999.000 -999.000 -999.000 -999.000 -999.000 -999.000
18.660 26.322 24.960 12.867 22.049 21.379 24.024 16.137 10.355 29.070 17.214 27.755 27.998 18.994 22.701 19.542 23.951 31.229 21.189 13.317 21.783 25.996 21.801 28.224 26.955 21.414 11.223 14.044 2.975 8.444 21.763 25.897 17.797 12.724 25.633 20.315 17.215 11.233 23.480 13.463 21.948 25.068 24.278 -999.000 -999.000 -999.000 -999.000 -999.000 -999.000 -999.000 -999.000 -999.000 -999.000 -999.000 -999.000 -999.000 -999.000 -999.000 -999.000 -999.000 -999.000 -999.000 -999.000 -999.000 -999.000 -999.000 -999.000 -999.000 -999.000 -999.000 -999.000
16.488 12.986 12.001 19.218 14.426 21.641 11.013 7.698 8.261 31.706 24.231 27.055 21.676 19.588 16.504 13.046 11.788 17.054 27.209 28.604 21.300 26.187 26.627 23.270 25.035 18.227 7.860 0.691 1.078 15.205 20.884 18.531 13.072 27.507 28.982 16.874 10.650 15.786 7.033 18.626 21.941 28.616 -999.000 -999.000 -999.000 -999.000 -999.000 -999.000 -999.000 -999.000 -999.000 -999.000 -999.000 -999.000 -999.000 -999.000 -999.000 -999.000 -999.000 -999.000 -999.000 -999.000 -999.000 -999.000 -999.000 -999.000 -999.000 -999.000 -999.000 -999.000 -999.000
20.232 25.386 22.549 6.488 13.774 22.346 19.034 10.827 3.934 18.049 22.563 16.322 9.389 3.412 1.268 0.421 0.577 0.345 0.105 2.987 3.059 3.314 4.572 3.989 1.951 0.202 0.318 0.997 6.616 8.378 22.426 25.297 24.546 18.999 20.631 25.158 22.736 17.633 23.894 17.254 -999.000 -999.000 -999.000 -999.000 -999.000 -999.000 -999.000 -999.000 -999.000 -999.000 -999.000 -999.000 -999.000 -999.000 -999.000 -999.000 -999.000 -999.000 -999.000 -999.000 -999.000 -999.000 -999.000 -999.000 -999.000 -999.000 -999.000 -999.000 -999.000 -999.000 -999.000
16.924 4.196 7.952 15.973 25.333 23.506 21.102 10.370 5.239 2.966 1.054 0.981 0.219 0.000 0.000 0.000 0.068 0.171 0.133 0.140 0.198 0.279 0.157 0.054 0.160 0.280 0.869 7.679 16.309 25.365 27.304 24.466 22.438 28.100 31.899 25.660 14.530 18.199 25.814 -999.000 -999.000 -999.000 -999.000 -999.000 -999.000 -999.000 -999.000 -999.000 -999.000 -999.000 -999.000 -999.000 -999.000 -999.000 -999.000 -999.000 -999.000 -999.000 -999.000 -999.000 -999.000 -999.000 -999.000 -999.000 -999.000 -999.000 -999.000 -999.000 -999.000 -999.000 -999.000
12.636 16.441 20.803 11.794 17.388 10.499 23.636 13.453 6.573 4.253 1.970 0.441 0.000 0.000 0.000 0.000 0.000 0.232 0.166 1.650 1.543 0.258 0.118 1.430 8.402 10.944 15.458 23.451 26.771 30.749 25.567 24.327 20.321 12.382 12.805 12.702 12.244 13.223 -999.000 -999.000 -999.000 -999.000 -999.000 -999.000 -999.000 -999.000 -999.000 -999.000 -999.000 -999.000 -999.000 -999.000 -999.000 -999.000 -999.000 -999.000 -999.000 -999.000 -999.000 -999.000 -999.000 -999.000 -999.000 -999.000 -999.000 -999.000 -999.000 -999.000 -999.000 -999.000 -999.000
17.002 13.333 16.892 27.170 12.598 24.020 29.201 15.943 3.984 0.000 0.000 0.000 0.000 0.000 0.036 6.846 14.196 26.887 31.080 24.300 20.181 22.877 23.296 21.209 16.529 20.718 26.397 15.239 14.921 14.492 7.848 8.650 21.134 23.838 23.936 5.132 8.307 -999.000 -999.000 -999.000 -999.000 -999.000 -999.000 -999.000 -999.000 -999.000 -999.000 -999.000 -999.000 -999.000 -999.000 -999.000 -999.000 -999.000 -999.000 -999.000 -999.000 -999.000 -999.000 -999.000 -999.000 -999.000 -999.000 -999.000 -999.000 -999.000 -999.000 -999.000 -999.000 -999.000 -999.000
