tests/dem_reading/ref_AZI.asc
ncols               386
nrows               229
xllcorner    479497.492
yllcorner     73502.967
cellsize       1000.000
NODATA_value -999
[rows 30 to 59 of 229, columns 201 to 267 of 386]
240.781 259.418 191.938 135.510 107.199 103.464 228.918 180.000 209.291 159.279 139.597 314.811 341.312 359.768 30.342 176.785 188.130 202.275 187.584 183.965 199.782 197.214 237.607 67.358 13.579 337.422 61.814 50.038 337.150 80.189 130.675 120.631 158.872 167.183 162.121 263.884 248.749 265.764 229.667 180.367 199.722 206.114 280.832 334.412 350.642 350.610 4.279 14.091 35.015 197.262 159.717 163.179 114.823 135.000 101.201 84.144 59.838 45.000 49.764 20.537 31.643 20.641 45.000 3.142 3.142 3.142 3.142
263.895 244.309 318.900 96.517 104.234 288.072 323.653 316.918 2.325 344.366 10.467 332.853 264.931 271.169 38.066 26.329 10.877 40.930 353.660 23.199 224.883 198.410 191.099 181.673 177.804 178.783 170.600 177.135 174.284 172.130 178.946 148.113 180.000 265.815 304.330 321.496 4.635 333.043 37.972 296.565 296.114 271.591 226.717 210.856 215.507 201.975 152.323 136.548 125.202 168.980 171.997 178.369 160.103 158.139 154.200 145.676 143.078 143.049 139.574 122.661 60.007 40.726 38.985 13.478 45.000 3.142 3.142
201.069 282.450 339.640 40.404 61.620 311.532 311.714 259.430 183.164 226.896 165.466 44.755 344.922 310.160 336.779 27.433 0.364 18.100 21.483 18.708 359.347 44.119 223.603 225.865 180.255 175.601 164.299 223.577 136.931 18.435 293.477 340.602 315.000 333.800 351.544 358.635 1.706 357.768 5.378 15.654 33.619 19.983 270.000 226.759 211.040 188.176 174.550 170.287 179.328 172.920 180.711 176.762 182.328 165.663 175.426 155.247 156.496 137.121 150.164 155.191 160.168 122.989 81.437 57.177 74.410 45.000 3.142
32.385 235.851 206.101 138.300 314.732 16.006 3.077 319.956 340.227 323.292 317.376 31.712 45.536 268.295 260.467 73.938 302.867 73.939 42.220 7.595 353.627 33.319 12.095 36.057 310.156 340.974 359.822 343.091 354.857 328.797 333.553 351.595 343.589 323.848 341.116 4.821 20.297 25.667 21.991 64.659 58.318 4.678 46.242 257.583 232.018 201.942 179.476 168.134 200.632 179.179 200.519 197.992 181.478 174.489 167.605 160.234 179.903 169.031 175.618 170.159 168.329 158.039 141.520 139.028 123.017 114.775 3.142
128.369 328.806 33.283 36.915 307.073 17.131 36.163 349.960 323.351 337.869 266.717 117.246 94.197 266.329 244.586 160.419 266.253 77.771 105.330 159.966 194.521 121.667 88.531 13.161 353.492 349.095 12.355 332.850 342.300 305.892 301.864 305.270 325.226 318.680 231.255 161.862 109.779 72.123 84.411 84.496 68.513 353.919 61.835 334.999 19.680 20.659 301.239 313.831 316.878 335.323 322.009 318.366 141.054 194.115 109.486 36.431 353.506 22.019 3.875 47.291 117.181 136.621 121.185 76.931 59.520 59.534 3.142
295.665 231.713 122.818 264.359 235.706 194.861 61.870 14.365 331.123 6.733 22.288 76.517 97.486 246.017 216.968 302.915 331.074 354.234 32.299 43.196 9.324 4.862 3.495 20.886 331.650 357.606 345.195 357.814 9.293 305.410 293.911 292.783 195.705 177.281 194.434 180.363 206.439 102.455 105.438 56.768 47.390 1.729 34.567 29.010 340.418 10.797 16.034 27.022 243.052 199.832 256.621 35.602 354.063 341.493 4.151 359.189 5.555 20.182 19.638 5.634 28.938 13.610 58.471 83.395 48.900 16.250 45.000
323.571 340.069 334.576 80.614 224.826 248.004 303.552 14.863 16.691 152.307 97.349 111.405 142.451 213.715 231.328 221.207 179.380 265.225 89.229 53.981 5.689 348.719 346.218 353.278 357.825 9.608 306.755 39.540 65.594 192.946 242.337 217.804 160.090 323.237 350.930 1.128 106.504 152.021 168.290 200.654 143.906 186.448 328.563 16.376 352.391 21.939 15.821 29.465 33.123 320.807 234.133 272.631 328.140 321.351 349.469 6.923 28.480 28.159 4.633 28.451 13.348 16.820 35.012 10.312 5.373 19.064 34.995
226.902 230.991 257.232 51.943 37.977 233.133 201.312 190.107 159.665 111.918 151.498 127.365 311.443 31.572 290.980 358.231 284.308 209.712 166.451 252.824 337.780 339.742 4.501 311.369 25.621 9.739 303.517 61.305 4.643 46.510 222.058 198.158 194.871 216.102 179.804 167.105 151.920 156.023 314.204 276.707 327.123 340.147 348.006 350.952 53.701 84.257 325.910 68.980 0.283 18.144 32.084 231.106 265.652 341.513 140.102 147.439 136.006 123.690 234.562 88.700 296.081 84.779 73.578 56.845 59.877 83.473 39.217
159.399 217.057 235.690 279.853 69.502 275.906 182.213 190.307 190.878 157.387 164.184 249.920 294.343 49.282 321.525 318.652 349.933 31.537 344.982 214.818 219.726 239.800 305.162 312.630 349.106 30.139 2.257 1.996 119.223 110.962 98.768 214.695 261.463 202.166 174.734 153.905 327.276 325.386 356.492 328.060 326.909 336.904 342.904 22.648 23.309 19.825 352.148 16.643 6.180 5.686 13.796 30.277 276.094 342.824 346.073 77.118 184.970 285.642 336.297 29.772 3.552 13.822 39.386 46.710 72.956 101.776 147.496
188.471 219.053 290.923 296.824 61.050 32.910 310.786 348.983 27.451 335.305 21.125 328.142 189.660 185.461 230.740 237.305 241.021 81.939 68.154 288.947 309.425 308.660 299.387 144.462 212.419 130.790 335.703 15.542 76.546 89.388 12.392 5.223 308.055 37.134 344.755 353.392 346.376 284.939 332.716 309.890 319.501 336.027 312.096 14.844 27.538 26.963 346.094 11.180 39.283 355.614 19.668 50.324 284.078 235.553 151.621 146.686 192.068 195.614 200.846 226.337 53.988 342.420 31.610 15.394 28.491 43.410 53.217
321.829 34.271 256.588 251.392 50.528 73.346 260.097 259.752 53.365 338.543 82.373 18.928 1.343 342.599 30.033 185.408 208.166 172.020 138.766 281.737 243.947 200.791 204.806 207.226 98.493 195.594 189.548 172.288 131.221 347.032 11.529 71.327 163.355 237.352 274.509 348.366 22.782 316.078 306.058 317.998 311.880 304.408 327.027 105.927 141.881 331.659 358.934 29.520 38.229 58.548 313.568 59.898 97.855 196.995 143.182 334.328 352.302 358.435 2.501 327.075 349.992 358.684 352.565 2.562 31.545 27.638 18.440
279.948 70.652 270.457 260.590 246.379 76.293 326.424 261.183 142.355 279.585 16.291 37.502 353.972 180.185 127.117 313.360 28.167 233.531 249.394 301.212 350.840 3.566 358.346 298.745 23.518 37.612 14.036 337.730 22.279 301.120 79.895 21.164 18.899 339.753 246.101 179.310 215.831 272.862 239.362 237.510 240.183 258.480 179.714 127.870 290.482 301.588 122.452 201.251 118.037 134.757 225.279 102.291 76.653 2.081 316.943 358.049 310.879 7.755 45.484 5.763 104.356 251.695 346.734 331.570 36.363 24.109 30.127
252.429 122.672 280.629 277.105 244.058 93.834 345.865 255.964 174.562 266.476 222.614 73.581 3.597 43.231 39.733 303.409 18.843 41.452 302.410 276.467 185.528 283.880 351.412 314.788 287.776 47.934 21.251 313.071 28.847 22.721 9.926 335.975 10.778 23.966 22.929 30.750 252.463 226.072 243.699 282.520 24.156 182.928 180.217 112.088 189.899 185.806 158.677 183.790 155.923 187.836 284.370 126.896 126.524 357.397 239.256 169.875 250.491 277.524 3.928 354.560 21.385 338.984 125.663 192.620 213.470 16.475 59.868
172.776 154.877 230.591 228.539 228.948 71.607 301.237 72.762 304.556 300.891 243.435 39.419 6.116 75.082 76.820 268.914 128.660 52.117 6.209 270.187 280.944 275.586 263.771 349.456 333.927 82.673 26.403 13.526 18.090 33.255 14.349 283.917 11.409 48.634 21.558 45.000 349.676 315.000 275.769 241.687 162.686 278.029 100.153 145.132 153.075 221.047 131.754 293.800 316.652 357.722 132.175 155.756 234.227 321.953 349.377 321.031 323.463 337.011 331.088 348.188 9.907 14.442 43.751 17.606 287.387 348.603 55.681
99.273 213.690 227.268 227.656 221.900 185.510 252.731 84.022 284.787 20.353 205.523 194.064 152.307 82.856 9.928 191.310 183.448 178.185 258.252 340.869 262.694 246.443 282.467 250.084 95.906 333.481 2.407 32.241 0.664 349.102 38.473 238.220 175.746 154.641 152.993 97.536 322.893 338.543 339.742 257.260 165.041 192.797 152.401 146.522 173.247 188.436 180.518 273.074 139.997 176.229 131.477 319.146 332.879 300.457 349.631 331.442 316.493 315.861 334.473 332.490 356.242 22.732 54.603 76.925 268.539 320.909 65.714
49.835 14.184 337.068 267.368 231.981 208.959 216.392 193.947 220.120 190.539 203.224 218.950 107.592 52.846 63.259 354.875 10.174 349.793 317.793 181.944 167.306 276.390 278.599 15.068 286.759 230.143 194.028 91.018 110.793 193.066 138.879 71.451 16.834 319.531 54.789 10.111 327.927 25.414 345.645 72.135 144.255 135.235 22.166 337.257 15.298 52.241 222.039 214.408 127.218 35.170 316.114 318.247 57.648 263.944 314.532 324.819 304.212 294.636 323.815 286.577 248.186 109.554 87.799 76.927 292.335 327.045 53.476
42.319 45.353 41.820 261.733 296.978 5.711 227.183 212.102 180.741 216.750 222.643 198.493 167.735 151.568 252.031 314.369 5.074 351.206 31.530 22.604 11.997 257.443 190.107 227.553 180.744 179.759 224.070 260.942 74.221 325.402 20.611 66.736 331.307 8.822 74.700 225.722 242.233 118.418 202.665 90.164 45.893 4.890 341.320 338.935 22.134 31.125 18.845 4.236 339.201 349.389 328.819 342.269 36.796 322.892 247.580 282.630 274.229 254.733 242.758 249.484 204.072 101.935 93.360 76.704 287.844 223.692 110.027
38.485 61.099 59.906 274.222 262.747 355.006 331.220 63.879 215.520 234.731 270.781 166.608 178.931 90.516 254.701 260.387 302.290 112.224 119.501 316.844 29.270 320.966 110.758 229.402 160.336 212.100 239.121 187.805 143.593 281.695 45.708 29.510 52.786 173.177 81.308 335.761 303.309 17.591 356.542 30.586 357.854 67.554 243.127 270.351 336.629 2.798 49.368 354.152 58.833 240.110 255.657 82.707 304.592 45.302 335.772 300.641 301.059 296.418 253.817 242.057 139.618 122.962 118.029 94.426 279.682 100.570 351.959
185.497 99.737 44.572 352.528 276.200 264.233 229.386 69.440 59.574 233.362 217.989 168.172 225.159 107.969 286.084 256.585 215.708 108.015 60.925 292.477 33.899 59.337 331.569 356.417 34.326 307.827 338.351 32.452 333.682 298.812 98.186 104.793 89.846 311.141 68.503 319.986 302.808 17.200 14.686 39.735 5.733 60.569 351.182 280.004 327.177 81.156 55.112 356.555 16.538 354.071 282.600 327.572 320.035 24.905 347.151 290.350 251.954 231.097 220.216 204.938 138.906 160.450 149.010 351.176 279.645 339.585 336.315
322.508 216.777 118.890 128.255 225.457 268.433 27.533 163.337 115.174 284.216 268.939 213.345 227.767 192.293 253.087 249.344 205.446 226.242 88.072 293.938 60.525 69.065 299.532 350.741 66.225 246.544 200.342 305.834 14.929 246.090 91.490 67.911 35.120 335.004 16.790 344.561 330.050 357.113 22.519 357.473 40.246 64.003 48.597 299.001 334.666 5.949 19.541 356.745 25.545 30.499 0.881 152.291 233.369 78.592 52.633 231.820 195.897 224.502 186.823 169.151 140.829 132.760 279.953 309.820 345.870 328.190 271.122
55.515 138.442 108.820 72.801 257.905 227.390 181.500 135.564 172.500 209.849 253.415 336.038 285.660 335.410 290.424 141.361 217.926 242.601 260.655 291.294 103.652 114.460 262.757 272.128 72.939 66.357 221.387 209.940 177.219 232.077 243.284 44.553 13.276 162.929 190.364 281.088 6.130 335.074 72.384 317.139 87.064 99.150 349.256 229.945 209.375 182.386 152.255 167.890 327.005 15.507 43.393 356.852 347.727 352.065 326.643 349.556 344.221 8.261 100.147 81.955 0.939 338.061 322.674 273.139 259.534 342.646 331.568
23.491 35.744 27.248 24.268 38.157 280.305 218.918 161.996 45.616 255.964 250.685 221.871 266.532 313.382 267.155 77.692 277.535 228.103 238.817 225.783 96.325 338.353 345.706 278.271 82.766 61.308 312.330 337.518 3.246 232.742 250.950 335.019 14.088 38.992 12.256 271.338 58.437 143.405 145.992 209.653 96.515 86.589 179.989 302.853 347.082 349.726 350.618 10.426 340.442 354.790 31.813 342.291 15.421 3.467 354.377 320.614 354.704 350.641 16.744 7.879 347.762 8.633 251.349 309.604 295.380 223.658 205.628
172.920 160.560 341.793 341.455 18.853 22.421 33.898 275.194 68.749 0.591 245.028 205.812 203.736 220.665 259.287 59.956 108.295 240.175 240.748 209.164 232.484 244.093 300.490 343.139 67.372 76.608 286.328 286.104 347.165 354.256 334.661 232.870 151.954 247.167 28.500 308.034 11.462 41.008 14.658 56.016 110.643 88.217 66.675 248.797 190.295 251.109 155.280 154.794 266.596 320.939 43.094 23.885 22.802 103.429 295.786 315.414 44.145 251.970 335.999 22.159 22.209 28.301 55.458 207.811 203.151 211.603 192.456
186.624 220.664 261.846 292.717 46.487 24.232 36.005 34.887 48.270 276.116 279.345 218.032 241.276 230.163 218.767 257.069 50.356 286.152 229.245 232.873 267.731 306.529 277.957 132.947 124.192 119.762 273.246 0.217 304.053 10.164 355.574 348.888 358.866 357.593 96.179 210.305 182.819 152.940 30.328 66.726 69.262 87.566 98.375 264.759 239.737 215.642 199.705 348.860 285.323 179.548 205.947 32.541 45.866 20.978 324.196 349.350 89.171 169.601 274.137 1.115 55.615 220.507 25.340 57.708 303.802 315.900 142.569
1.375 234.061 239.015 227.144 179.223 358.260 35.023 43.752 45.215 318.945 169.548 224.310 225.000 230.925 232.555 229.797 180.141 24.083 298.578 238.119 223.696 197.103 208.482 169.382 66.244 6.587 284.087 195.427 237.299 155.679 239.871 274.791 283.934 49.269 64.064 0.537 73.866 162.671 200.652 120.431 0.144 69.905 95.018 296.553 6.272 79.257 241.657 206.219 238.164 2.902 310.819 134.474 1.823 21.956 274.339 111.127 48.884 357.366 313.072 146.194 140.750 332.242 324.083 78.461 255.404 278.297 9.095
41.379 52.696 241.401 228.863 238.722 268.270 49.353 46.223 19.026 41.536 65.556 202.557 230.194 248.520 225.202 228.576 251.675 328.861 38.836 229.635 231.672 244.708 256.672 215.187 285.507 350.598 40.761 60.902 218.953 170.724 230.645 226.613 261.531 26.734 73.811 13.671 346.687 45.117 319.126 56.128 234.293 93.642 71.168 265.247 330.121 54.136 315.870 332.492 227.366 202.908 187.479 282.396 338.179 111.844 246.019 24.405 15.511 283.646 134.170 121.636 308.581 332.923 34.817 82.881 274.031 231.577 220.612
44.667 65.594 228.077 232.136 240.269 235.060 212.825 15.706 38.841 50.871 53.957 3.142 225.000 279.744 26.565 262.903 238.117 239.489 49.447 52.280 226.200 229.479 267.728 330.221 285.424 274.346 81.188 353.392 7.690 344.469 340.708 202.537 212.007 169.981 164.827 285.885 122.841 113.490 320.068 88.194 88.927 68.199 70.441 272.375 228.256 81.137 59.616 296.255 8.802 348.173 25.156 273.599 50.956 43.626 321.673 299.268 41.904 44.532 101.032 353.819 309.771 322.239 16.675 18.525 25.927 344.508 217.130
66.801 90.900 225.000 257.259 256.215 251.623 214.526 207.916 31.956 37.163 57.368 45.000 3.142 240.230 169.240 241.042 271.752 260.307 250.008 79.578 225.000 236.402 257.526 275.692 311.563 88.272 115.330 305.393 1.721 5.352 329.600 65.367 282.464 358.067 333.875 41.372 113.281 292.666 62.903 88.009 80.855 126.106 101.688 264.820 302.015 51.369 111.982 248.443 230.008 314.830 8.584 9.826 199.599 2.052 348.179 72.770 163.168 132.724 103.161 288.392 313.474 327.495 23.933 5.026 29.081 22.486 49.821
56.691 62.990 45.000 225.000 259.169 275.251 321.030 321.063 242.786 20.056 50.082 61.395 45.000 225.000 229.529 280.784 265.412 230.790 199.142 185.163 37.962 283.713 251.141 245.017 211.363 143.703 274.634 304.863 213.871 334.502 12.951 64.712 312.659 295.779 205.967 117.636 347.494 325.143 30.364 80.148 164.813 30.936 53.988 288.727 272.839 55.152 68.550 274.640 285.002 237.720 172.929 147.600 306.065 88.562 176.078 171.102 18.833 10.843 68.382 247.776 251.414 229.929 137.353 168.593 168.358 141.969 93.788
68.109 38.653 46.078 3.142 263.727 257.570 230.343 187.790 283.475 314.234 76.473 71.425 42.617 45.000 237.824 217.073 237.796 253.546 346.665 298.330 209.521 265.186 238.032 239.529 225.309 326.445 264.655 205.936 307.037 36.611 135.278 270.191 93.228 275.519 31.128 344.442 26.671 163.936 168.982 85.412 349.840 50.754 73.645 264.913 233.237 220.468 43.882 6.552 197.036 186.910 200.211 281.997 189.387 159.407 289.995 310.380 349.239 19.173 66.368 302.465 238.160 211.629 137.503 184.689 7.392 347.538 15.592
