tests/dem_reading/ref_SLOPE.asc
ncols               386
nrows               229
xllcorner    479497.492
yllcorner     73502.967
cellsize       1000.000
NODATA_value -999
[rows 128 to 159 of 229, columns 0 to 70 of 386]
-999.000 -999.000 -999.000 -999.000 -999.000 -999.000 -999.000 -999.000 -999.000 -999.000 -999.000 -999.000 -999.000 -999.000 -999.000 -999.000 -999.000 -999.000 -999.000 -999.000 -999.000 -999.000 -999.000 -999.000 -999.000 -999.000 -999.000 -999.000 -999.000 -999.000 -999.000 -999.000 -999.000 -999.000 -999.000 -999.000 19.114 24.735 22.948 6.730 3.813 10.654 19.106 10.976 8.616 4.622 3.890 2.420 3.889 0.619 4.598 0.827 0.065 0.352 4.973 3.374 1.220 1.282 1.512 3.108 1.723 2.019 5.347 1.593 4.238 6.545 1.916 2.410 0.951 4.271 0.917
-999.000 -999.000 -999.000 -999.000 -999.000 -999.000 -999.000 -999.000 -999.000 -999.000 -999.000 -999.000 -999.000 -999.000 -999.000 -999.000 -999.000 -999.000 -999.000 -999.000 -999.000 -999.000 -999.000 -999.000 -999.000 -999.000 -999.000 -999.000 -999.000 -999.000 -999.000 -999.000 -999.000 -999.000 2.366 6.007 20.280 16.092 3.954 9.507 14.218 14.935 5.181 9.363 6.729 5.215 3.454 3.264 2.534 2.232 5.557 0.916 0.231 1.451 2.658 3.453 1.931 1.625 2.591 3.046 0.996 2.901 4.914 2.027 2.587 5.613 1.534 3.015 0.977 3.096 1.263
-999.000 -999.000 -999.000 -999.000 -999.000 -999.000 -999.000 -999.000 -999.000 -999.000 -999.000 -999.000 -999.000 -999.000 -999.000 -999.000 -999.000 -999.000 -999.000 -999.000 -999.000 -999.000 -999.000 -999.000 -999.000 -999.000 -999.000 -999.000 -999.000 -999.000 -999.000 -999.000 1.947 3.188 2.675 4.443 12.949 20.104 19.014 10.606 1.806 11.166 8.700 8.966 7.455 3.465 3.298 3.503 1.110 1.483 6.115 0.480 0.286 1.618 2.734 4.099 1.592 1.362 3.223 3.029 0.473 4.168 2.075 2.994 0.723 5.997 3.348 3.812 1.464 0.052 3.550
-999.000 -999.000 -999.000 -999.000 -999.000 -999.000 -999.000 -999.000 -999.000 -999.000 -999.000 -999.000 -999.000 -999.000 -999.000 -999.000 -999.000 -999.000 -999.000 -999.000 -999.000 -999.000 -999.000 -999.000 -999.000 -999.000 -999.000 -999.000 -999.000 -999.000 -999.000 1.986 2.829 2.196 2.058 6.158 14.963 11.943 11.023 6.630 4.569 13.331 11.462 10.962 7.086 2.675 3.889 3.219 2.149 3.252 4.274 0.161 0.233 3.207 4.374 3.225 0.710 0.894 2.972 2.624 1.780 5.064 1.748 1.433 2.543 6.136 3.911 2.017 2.342 3.091 4.452
-999.000 -999.000 -999.000 -999.000 -999.000 -999.000 -999.000 -999.000 -999.000 -999.000 -999.000 -999.000 -999.000 -999.000 -999.000 -999.000 -999.000 -999.000 -999.000 -999.000 -999.000 -999.000 -999.000 -999.000 -999.000 -999.000 -999.000 -999.000 -999.000 -999.000 4.131 1.503 1.857 4.082 7.430 1.479 16.833 13.371 6.292 6.093 10.050 5.042 11.663 10.361 4.839 3.301 4.901 2.644 2.962 2.893 2.305 0.344 0.940 5.362 0.830 3.519 0.573 0.921 2.842 1.260 3.701 1.847 3.150 0.749 3.551 3.738 4.562 0.455 3.850 2.115 5.315
-999.000 -999.000 -999.000 -999.000 -999.000 -999.000 -999.000 -999.000 -999.000 -999.000 -999.000 -999.000 -999.000 -999.000 -999.000 -999.000 -999.000 -999.000 -999.000 -999.000 -999.000 -999.000 -999.000 -999.000 -999.000 -999.000 -999.000 -999.000 -999.000 7.580 4.012 2.429 4.589 6.055 3.464 5.552 8.184 9.066 0.926 7.986 2.894 12.123 15.244 6.804 3.573 4.301 2.964 3.329 2.801 1.568 2.342 0.335 2.423 5.816 2.268 3.666 0.376 0.988 1.726 1.182 1.631 2.387 1.166 1.417 4.397 1.883 3.367 2.912 1.923 4.797 9.883
-999.000 -999.000 -999.000 -999.000 -999.000 -999.000 -999.000 -999.000 -999.000 -999.000 -999.000 -999.000 -999.000 -999.000 -999.000 -999.000 -999.000 -999.000 -999.000 -999.000 -999.000 -999.000 -999.000 -999.000 -999.000 -999.000 -999.000 -999.000 10.574 7.754 5.621 3.742 2.364 2.887 0.926 4.756 0.161 1.028 4.895 4.843 11.130 13.670 7.978 4.656 3.577 4.561 2.695 3.590 1.728 0.755 3.578 4.249 3.011 4.967 0.782 1.831 0.135 1.554 1.051 1.422 0.893 1.352 0.981 2.643 3.620 1.383 0.955 3.352 9.107 9.465 5.179
-999.000 -999.000 -999.000 -999.000 -999.000 -999.000 -999.000 -999.000 -999.000 -999.000 -999.000 -999.000 -999.000 -999.000 -999.000 -999.000 -999.000 -999.000 -999.000 -999.000 -999.000 -999.000 -999.000 -999.000 -999.000 -999.000 -999.000 7.086 10.585 6.917 3.433 1.574 3.087 1.774 6.659 9.469 7.688 5.150 2.098 8.340 12.243 7.687 5.595 4.549 3.975 3.717 1.397 1.773 3.524 2.956 4.148 3.921 3.646 3.719 0.686 1.224 0.572 1.363 1.114 0.678 1.267 1.728 0.755 1.796 4.122 0.629 0.750 2.568 4.050 4.269 3.655
-999.000 -999.000 -999.000 -999.000 -999.000 -999.000 -999.000 -999.000 -999.000 -999.000 -999.000 -999.000 -999.000 -999.000 -999.000 -999.000 -999.000 -999.000 -999.000 -999.000 -999.000 -999.000 -999.000 -999.000 -999.000 -999.000 5.477 7.110 7.460 2.654 4.388 3.521 2.426 9.071 11.228 6.460 4.809 6.598 6.856 9.514 7.440 6.454 4.704 4.008 1.709 1.823 2.150 0.793 4.351 3.347 2.292 1.029 6.920 1.154 0.613 0.548 0.564 1.049 1.113 0.735 1.983 1.377 1.682 2.499 6.667 3.715 2.193 4.742 4.605 4.275 5.066
-999.000 -999.000 -999.000 -999.000 -999.000 -999.000 -999.000 -999.000 -999.000 -999.000 -999.000 -999.000 -999.000 -999.000 -999.000 -999.000 -999.000 -999.000 -999.000 -999.000 -999.000 -999.000 -999.000 -999.000 -999.000 6.079 5.478 6.027 4.696 4.496 2.652 1.260 11.431 13.827 7.356 2.922 2.723 13.678 3.179 8.056 6.806 5.365 3.709 2.370 1.003 2.786 1.623 1.914 2.037 2.222 2.982 2.614 4.824 0.811 0.449 0.517 0.439 1.134 1.215 1.782 2.382 1.026 3.082 3.501 5.954 2.212 3.834 4.608 4.712 4.844 4.556
-999.000 -999.000 -999.000 -999.000 -999.000 -999.000 -999.000 -999.000 -999.000 -999.000 -999.000 -999.000 -999.000 -999.000 -999.000 -999.000 -999.000 -999.000 -999.000 -999.000 -999.000 -999.000 -999.000 -999.000 6.263 6.138 5.614 6.102 5.283 2.377 2.158 10.165 12.464 5.681 1.786 4.774 4.309 16.308 9.284 9.840 6.118 4.259 1.619 1.254 1.450 2.483 1.779 0.866 0.864 5.374 0.501 3.644 2.187 1.407 0.760 0.510 0.726 1.256 1.728 3.129 2.958 2.447 3.366 2.907 2.913 0.951 5.106 4.887 2.966 5.247 5.925
-999.000 -999.000 -999.000 -999.000 -999.000 -999.000 -999.000 -999.000 -999.000 -999.000 -999.000 -999.000 -999.000 -999.000 -999.000 -999.000 -999.000 -999.000 -999.000 -999.000 -999.000 -999.000 -999.000 4.750 6.277 5.608 5.350 5.349 2.151 3.892 10.795 11.224 5.544 2.940 1.115 5.198 5.356 16.666 12.850 6.871 4.079 2.145 0.847 0.909 1.614 2.243 2.440 1.196 3.598 3.631 2.507 0.866 2.559 2.634 0.550 0.152 0.758 1.831 1.220 3.690 1.307 3.147 2.790 2.646 1.993 1.075 5.007 4.166 2.904 5.604 6.377
-999.000 -999.000 -999.000 -999.000 -999.000 -999.000 -999.000 -999.000 -999.000 -999.000 -999.000 -999.000 -999.000 -999.000 -999.000 -999.000 -999.000 -999.000 -999.000 -999.000 -999.000 -999.000 5.348 4.763 5.754 4.652 6.066 3.057 3.857 10.239 9.158 3.445 3.751 5.504 6.268 5.481 16.266 14.149 10.444 4.505 1.644 0.839 0.890 1.782 1.899 1.522 2.299 1.556 3.565 3.419 2.923 0.644 3.072 2.708 0.967 0.669 1.067 3.491 3.125 2.984 2.247 3.887 0.833 1.849 2.129 2.155 4.622 3.541 2.227 2.830 4.071
-999.000 -999.000 -999.000 -999.000 -999.000 -999.000 -999.000 -999.000 -999.000 -999.000 -999.000 -999.000 -999.000 -999.000 -999.000 -999.000 -999.000 -999.000 -999.000 -999.000 4.432 4.836 5.377 6.521 6.679 4.803 2.931 5.857 11.655 8.188 2.579 4.097 8.680 6.770 3.523 11.508 12.713 15.597 5.920 2.590 0.535 0.586 1.287 1.963 1.511 0.991 1.377 2.543 1.409 5.654 2.128 1.879 3.850 1.673 0.872 0.975 1.802 3.127 1.764 1.096 2.620 2.418 1.249 2.641 0.880 2.478 4.151 3.527 1.624 1.764 1.031
-999.000 -999.000 -999.000 -999.000 -999.000 -999.000 -999.000 -999.000 -999.000 -999.000 -999.000 -999.000 -999.000 -999.000 -999.000 -999.000 -999.000 -999.000 -999.000 3.189 4.671 3.956 5.583 3.727 3.608 1.851 5.867 13.192 9.415 3.400 4.875 8.190 6.197 3.973 8.383 8.142 12.963 17.936 2.721 1.574 0.527 0.879 2.320 1.176 0.910 1.848 0.823 0.916 1.541 5.098 2.155 2.629 4.407 1.004 0.879 1.268 2.556 1.962 1.540 2.092 1.439 1.270 4.003 2.560 1.425 3.100 4.869 2.780 0.281 0.140 1.699
-999.000 -999.000 -999.000 -999.000 -999.000 -999.000 -999.000 -999.000 -999.000 -999.000 -999.000 -999.000 -999.000 -999.000 -999.000 -999.000 -999.000 -999.000 -999.000 3.189 3.325 1.196 4.398 4.433 1.900 4.035 12.433 8.585 0.487 0.537 8.315 4.126 2.725 3.586 7.448 10.930 19.579 12.058 1.424 1.424 0.612 0.209 3.024 1.194 1.075 1.821 1.134 2.432 3.320 3.523 2.376 1.909 4.227 1.944 0.544 1.501 2.810 1.383 1.906 4.220 3.958 3.189 4.617 1.450 1.554 2.146 5.211 1.843 3.000 2.186 3.712
-999.000 -999.000 -999.000 -999.000 -999.000 -999.000 -999.000 -999.000 -999.000 -999.000 -999.000 -999.000 -999.000 -999.000 -999.000 -999.000 -999.000 -999.000 -999.000 -999.000 1.880 1.294 7.305 3.690 7.895 9.977 8.158 2.477 1.358 2.283 7.327 1.765 4.045 4.832 14.472 19.937 15.391 4.511 0.861 0.783 0.447 0.756 3.240 1.756 1.644 1.076 2.716 1.234 2.304 2.403 3.258 0.454 2.878 2.919 2.001 2.529 2.762 2.182 2.765 4.692 1.593 1.225 2.791 0.577 2.010 3.095 2.713 1.601 3.307 0.385 3.334
-999.000 -999.000 -999.000 -999.000 -999.000 -999.000 -999.000 -999.000 -999.000 -999.000 -999.000 -999.000 -999.000 -999.000 -999.000 -999.000 -999.000 -999.000 -999.000 -999.000 -999.000 7.508 3.241 5.514 8.954 3.837 2.178 0.997 0.823 4.495 4.720 6.769 7.556 14.013 21.278 15.264 4.641 1.151 0.612 1.020 1.614 0.899 3.437 2.255 2.001 0.975 3.378 1.016 1.909 2.971 2.820 1.869 1.375 2.500 1.498 2.964 2.332 3.563 2.733 2.990 2.249 1.765 1.046 1.099 1.170 0.928 2.488 1.997 1.401 2.834 3.381
-999.000 -999.000 -999.000 -999.000 -999.000 -999.000 -999.000 -999.000 -999.000 -999.000 -999.000 -999.000 -999.000 -999.000 -999.000 -999.000 -999.000 -999.000 -999.000 -999.000 -999.000 -999.000 9.479 8.705 7.413 2.304 0.656 1.697 2.757 2.927 7.031 8.518 10.536 19.487 13.232 4.249 1.671 0.556 0.906 1.388 1.039 1.545 2.645 3.190 2.613 2.014 0.772 1.980 2.049 1.312 1.519 3.328 2.431 3.094 3.163 3.897 2.143 2.922 4.715 1.062 3.935 1.896 2.203 1.635 1.385 0.555 2.007 3.834 1.742 4.099 3.565
-999.000 -999.000 -999.000 -999.000 -999.000 -999.000 -999.000 -999.000 -999.000 -999.000 -999.000 -999.000 -999.000 -999.000 -999.000 -999.000 -999.000 -999.000 -999.000 -999.000 -999.000 -999.000 9.504 6.879 5.499 2.712 0.865 2.080 2.395 9.834 11.476 11.188 15.975 12.639 4.618 2.096 0.327 0.990 0.925 1.823 0.416 2.676 1.905 4.419 1.737 0.700 0.577 1.933 2.483 0.860 2.597 0.633 2.015 1.946 2.612 4.661 4.179 2.076 6.045 3.783 3.842 3.033 2.561 2.388 2.774 2.329 2.813 4.382 2.222 3.634 2.091
-999.000 -999.000 -999.000 -999.000 -999.000 -999.000 -999.000 -999.000 -999.000 -999.000 -999.000 -999.000 -999.000 -999.000 -999.000 -999.000 -999.000 -999.000 -999.000 -999.000 12.329 12.222 7.386 4.488 4.260 2.931 3.165 2.594 9.754 10.133 7.907 9.166 8.420 7.201 2.830 1.848 1.447 1.682 1.131 2.062 1.652 3.027 2.368 4.086 1.984 2.152 1.565 1.182 1.998 0.396 0.816 3.183 1.163 1.588 2.358 3.939 5.677 2.252 3.397 3.276 4.632 4.026 3.011 2.714 0.421 2.699 4.727 3.806 2.667 2.667 1.486
-999.000 -999.000 -999.000 -999.000 -999.000 -999.000 -999.000 -999.000 -999.000 -999.000 -999.000 -999.000 -999.000 -999.000 -999.000 -999.000 -999.000 -999.000 -999.000 -999.000 12.361 6.327 5.882 6.417 5.421 3.819 2.858 5.563 9.255 4.882 1.058 6.792 7.037 6.008 1.988 1.049 0.017 0.845 0.666 4.409 2.530 2.662 3.529 2.107 1.658 0.686 2.110 1.557 2.600 2.452 2.568 1.596 0.488 0.742 1.532 3.326 6.238 4.316 4.420 2.548 3.568 3.859 4.657 2.949 2.541 3.599 0.908 2.295 0.602 2.226 1.249
-999.000 -999.000 -999.000 -999.000 -999.000 -999.000 -999.000 -999.000 -999.000 -999.000 -999.000 -999.000 -999.000 -999.000 -999.000 -999.000 -999.000 -999.000 -999.000 9.962 6.694 4.482 3.023 8.483 0.352 4.183 3.520 8.720 12.163 12.394 9.635 11.029 6.591 2.754 1.715 1.871 1.662 3.229 3.624 4.106 2.730 4.643 3.840 1.145 1.826 2.795 2.680 3.777 3.464 1.235 0.335 0.042 0.373 0.994 1.201 2.071 3.672 4.360 5.575 5.754 6.128 5.502 7.445 8.490 3.934 1.743 1.059 1.483 2.638 2.662 2.281
-999.000 -999.000 -999.000 -999.000 -999.000 -999.000 -999.000 -999.000 -999.000 -999.000 -999.000 -999.000 -999.000 -999.000 -999.000 -999.000 -999.000 -999.000 14.026 9.990 5.360 4.139 8.346 3.862 3.399 0.759 8.125 12.310 9.544 4.217 2.364 8.474 2.813 2.408 1.061 1.960 1.038 2.065 1.439 3.402 2.538 2.037 2.420 1.828 2.891 1.836 1.944 1.564 0.421 0.859 1.356 1.519 1.278 0.652 0.000 0.328 1.872 3.364 5.133 5.652 6.832 8.712 7.512 9.182 3.715 3.118 3.809 2.105 3.509 1.014 3.893
-999.000 -999.000 -999.000 -999.000 -999.000 -999.000 -999.000 -999.000 -999.000 -999.000 -999.000 -999.000 -999.000 -999.000 -999.000 -999.000 -999.000 -999.000 10.810 5.710 5.641 7.763 4.761 2.838 4.431 7.392 11.769 8.216 7.051 5.025 5.843 3.958 1.870 1.742 0.939 0.787 3.102 2.482 3.223 5.012 4.005 1.439 1.785 1.453 1.763 1.335 2.173 0.458 0.000 0.000 0.000 0.004 0.004 0.000 0.000 0.000 0.000 0.203 0.930 1.195 0.985 2.519 4.924 10.723 11.231 9.701 9.686 4.443 3.096 0.369 5.751
-999.000 -999.000 -999.000 -999.000 -999.000 -999.000 -999.000 -999.000 -999.000 -999.000 -999.000 -999.000 -999.000 -999.000 -999.000 -999.000 -999.000 -999.000 7.584 0.591 6.981 2.225 3.304 2.598 7.967 13.575 11.127 8.824 5.211 1.453 3.007 0.945 3.760 2.699 2.244 1.904 3.799 5.717 3.966 3.231 1.312 1.742 2.290 1.110 1.928 2.244 1.147 0.000 0.000 0.000 0.000 0.000 0.000 0.000 0.000 0.000 0.000 0.000 0.000 0.000 0.000 0.000 0.000 3.992 10.497 11.586 13.760 10.007 0.851 1.571 5.242
-999.000 -999.000 -999.000 -999.000 -999.000 -999.000 -999.000 -999.000 -999.000 -999.000 -999.000 -999.000 -999.000 -999.000 -999.000 -999.000 -999.000 9.769 4.754 6.147 3.771 2.070 6.656 8.337 7.398 8.404 5.927 5.506 2.980 4.354 0.366 1.832 3.843 3.316 4.229 7.039 9.023 10.567 4.515 2.056 1.836 2.122 1.588 1.256 2.041 0.697 0.000 0.000 0.000 0.000 0.000 0.000 0.000 0.000 0.000 0.000 0.000 0.000 0.000 0.000 0.000 0.000 0.000 0.000 1.908 1.935 3.234 9.991 9.796 5.599 7.201
-999.000 -999.000 -999.000 -999.000 -999.000 -999.000 -999.000 -999.000 -999.000 -999.000 -999.000 -999.000 -999.000 -999.000 -999.000 -999.000 4.700 3.757 6.384 5.741 1.809 3.612 7.656 4.058 6.685 9.013 7.630 4.792 2.620 3.155 4.636 7.166 8.716 9.429 10.556 9.611 7.072 5.076 1.894 1.763 1.364 1.670 2.411 2.338 1.316 0.000 0.000 0.000 0.000 0.000 0.000 0.000 0.000 0.000 0.000 0.000 0.000 0.000 0.000 0.000 0.000 0.000 0.000 0.000 0.000 0.000 0.000 2.777 8.357 11.859 15.421
-999.000 -999.000 -999.000 -999.000 -999.000 -999.000 -999.000 -999.000 -999.000 -999.000 -999.000 -999.000 -999.000 -999.000 -999.000 -999.000 3.124 2.926 4.099 4.256 3.505 8.329 7.455 2.558 6.906 8.052 4.910 4.607 2.071 2.542 2.062 9.448 8.656 5.996 5.245 3.644 2.858 2.187 2.125 2.075 1.618 1.327 0.515 0.004 0.000 0.000 0.000 0.000 0.000 0.000 0.000 0.000 0.000 0.000 0.000 0.000 0.000 0.000 0.000 0.000 0.000 0.000 0.000 0.000 0.000 0.000 0.000 0.000 0.000 0.000 1.054
-999.000 -999.000 -999.000 -999.000 -999.000 -999.000 -999.000 -999.000 -999.000 -999.000 -999.000 -999.000 -999.000 -999.000 -999.000 -999.000 -999.000 1.726 3.477 6.084 8.301 9.950 4.178 4.609 11.421 9.116 6.852 2.756 4.539 3.386 10.143 11.218 3.709 3.089 2.472 1.175 0.010 0.000 0.000 0.057 0.057 0.000 0.000 0.000 0.000 0.000 0.000 0.000 0.000 0.000 0.000 0.000 0.000 0.000 0.000 0.000 0.000 0.000 0.000 0.000 0.000 0.000 0.000 0.000 0.000 0.000 0.000 0.000 0.000 0.000 0.000
-999.000 -999.000 -999.000 -999.000 -999.000 -999.000 -999.000 -999.000 -999.000 -999.000 -999.000 -999.000 -999.000 -999.000 -999.000 -999.000 11.498 11.631 12.052 4.495 4.211 5.594 13.904 15.299 12.765 7.583 5.271 5.821 7.281 9.698 9.208 2.813 1.226 2.910 1.721 0.307 0.000 0.000 0.000 0.000 0.000 0.000 0.000 0.000 0.000 0.000 0.000 0.000 0.000 0.000 0.000 0.000 0.000 -999.000 -999.000 -999.000 -999.000 -999.000 0.000 0.000 0.000 0.000 0.000 0.000 0.000 0.000 0.000 0.000 0.000 0.000 0.000
-999.000 -999.000 -999.000 -999.000 -999.000 -999.000 -999.000 -999.000 -999.000 -999.000 -999.000 -999.000 -999.000 -999.000 -999.000 -999.000 11.776 5.242 8.832 12.262 7.652 15.177 13.087 4.380 7.056 4.541 3.518 2.694 1.610 3.694 1.776 0.563 1.564 2.418 0.000 0.000 0.000 0.000 0.000 0.000 0.000 0.000 0.000 0.000 0.000 0.000 -999.000 -999.000 -999.000 -999.000 -999.000 -999.000 -999.000 -999.000 -999.000 -999.000 -999.000 -999.000 -999.000 -999.000 -999.000 -999.000 -999.000 -999.000 -999.000 -999.000 -999.000 -999.000 0.000 0.000 0.000
