tests/dem_reading/ref_AZI.asc
ncols               386
nrows               229
xllcorner    479497.492
yllcorner     73502.967
cellsize       1000.000
NODATA_value -999
[rows 30 to 59 of 229, columns 134 to 200 of 386]
-999.000 -999.000 -999.000 -999.000 -999.000 -999.000 -999.000 -999.000 -999.000 -999.000 -999.000 -999.000 -999.000 -999.000 -999.000 -999.000 -999.000 -999.000 -999.000 -999.000 -999.000 -999.000 -999.000 -999.000 -999.000 -999.000 -999.000 -999.000 -999.000 -999.000 -999.000 -999.000 -999.000 -999.000 -999.000 -999.000 -999.000 -999.000 -999.000 -999.000 344.761 337.322 327.505 302.960 110.925 267.898 306.055 302.708 50.135 41.419 52.431 -999.000 -999.000 -999.000 -999.000 -999.000 -999.000 -999.000 -999.000 -999.000 -999.000 -999.000 -999.000 -999.000 156.325 151.359 160.622
-999.000 -999.000 274.826 269.291 -999.000 -999.000 -999.000 -999.000 -999.000 -999.000 -999.000 -999.000 -999.000 -999.000 -999.000 -999.000 -999.000 -999.000 346.113 350.603 9.380 -999.000 -999.000 -999.000 -999.000 -999.000 -999.000 -999.000 -999.000 -999.000 -999.000 -999.000 -999.000 -999.000 -999.000 -999.000 -999.000 -999.000 -999.000 339.596 349.150 328.437 314.763 74.174 88.147 227.788 270.828 304.994 25.518 58.931 51.523 27.051 -999.000 -999.000 -999.000 -999.000 -999.000 -999.000 -999.000 -999.000 -999.000 -999.000 -999.000 -999.000 -999.000 152.000 279.345
-999.000 293.596 271.830 287.012 278.358 -999.000 -999.000 -999.000 -999.000 -999.000 -999.000 -999.000 -999.000 -999.000 -999.000 19.323 343.458 320.829 331.180 0.000 31.850 59.841 -999.000 -999.000 -999.000 -999.000 -999.000 -999.000 -999.000 -999.000 -999.000 -999.000 -999.000 -999.000 -999.000 -999.000 262.957 266.846 320.094 332.656 2.092 2.394 24.712 90.715 84.407 24.444 225.654 218.931 202.089 69.274 20.900 32.342 45.382 -999.000 -999.000 -999.000 -999.000 -999.000 -999.000 -999.000 -999.000 -999.000 -999.000 -999.000 301.320 291.666 142.973
277.293 299.558 322.926 286.104 284.504 -999.000 -999.000 -999.000 -999.000 -999.000 -999.000 -999.000 -999.000 -999.000 -999.000 7.431 326.497 320.949 320.013 38.911 72.704 88.474 -999.000 -999.000 -999.000 -999.000 -999.000 -999.000 -999.000 -999.000 -999.000 -999.000 -999.000 -999.000 -999.000 -999.000 262.386 275.644 335.742 353.928 214.912 73.216 67.207 21.201 38.793 42.672 46.397 251.441 244.243 126.840 343.648 49.999 22.933 6.521 5.696 3.202 0.687 346.256 4.491 55.074 19.153 348.415 342.251 5.176 300.669 343.791 336.436
271.660 291.769 255.045 -999.000 -999.000 -999.000 -999.000 -999.000 -999.000 -999.000 -999.000 -999.000 -999.000 -999.000 307.403 333.268 320.620 309.022 11.821 102.039 109.298 102.818 -999.000 -999.000 -999.000 -999.000 -999.000 -999.000 -999.000 -999.000 -999.000 -999.000 333.151 344.995 7.681 336.040 328.298 199.116 196.387 158.693 241.791 306.154 44.398 44.705 63.170 71.118 329.036 289.529 244.925 157.376 281.942 20.298 8.265 2.891 11.645 354.560 4.669 327.597 70.926 7.581 23.842 326.999 350.254 37.849 293.760 122.044 222.432
219.289 222.478 219.077 -999.000 -999.000 -999.000 -999.000 -999.000 -999.000 -999.000 -999.000 -999.000 334.681 331.688 312.057 308.459 266.798 252.216 338.051 76.901 93.268 28.114 17.773 -999.000 -999.000 281.359 329.825 340.187 24.074 15.092 354.425 328.100 322.046 344.253 38.331 275.433 319.001 61.928 329.714 0.174 287.294 229.578 139.289 7.265 71.903 98.947 337.607 296.922 354.158 55.629 270.299 330.962 40.063 24.268 5.013 1.312 74.274 314.782 62.574 322.200 8.519 357.745 192.816 98.723 291.302 39.632 342.242
303.944 359.909 33.221 62.072 -999.000 -999.000 -999.000 310.914 343.678 341.749 341.287 345.004 348.384 320.565 15.101 305.007 340.493 323.108 318.819 351.910 16.279 28.223 25.828 15.107 0.285 288.995 359.400 324.368 39.361 352.980 351.394 311.602 292.578 306.992 58.232 324.223 239.230 96.914 302.712 25.549 255.067 276.577 332.700 66.932 101.216 86.302 327.469 274.753 314.014 71.463 274.617 250.658 71.522 354.382 335.798 49.616 51.789 297.448 78.888 264.398 135.290 344.185 28.941 61.199 298.517 20.385 54.187
309.303 355.022 70.491 28.947 358.201 5.992 9.429 304.332 4.431 325.855 346.642 342.717 3.210 9.251 339.191 346.203 338.242 21.888 73.983 219.168 268.510 19.157 38.730 341.728 6.878 5.034 28.397 17.981 326.757 345.263 3.080 5.395 263.814 254.806 56.675 46.909 304.002 19.061 349.162 333.921 6.479 316.896 353.720 100.599 118.540 166.009 297.699 274.445 292.772 31.808 232.599 193.131 199.165 243.038 336.047 60.055 26.510 263.728 29.711 10.187 163.948 258.624 103.913 89.222 247.842 223.866 78.512
7.105 357.709 32.631 358.565 359.854 13.663 8.629 296.540 9.022 285.428 281.634 310.982 55.528 103.148 213.031 202.760 210.902 212.682 36.940 1.024 222.686 238.605 45.767 353.549 209.300 10.074 47.164 21.755 307.901 255.401 336.000 55.897 307.314 316.140 64.383 308.395 298.327 12.136 28.483 260.366 163.991 216.692 185.851 76.267 63.637 258.690 280.187 289.706 352.670 325.140 22.915 358.715 182.764 217.397 217.844 132.510 239.580 34.464 293.765 46.364 31.228 216.357 131.949 101.267 226.736 222.380 124.623
357.641 357.979 8.973 13.490 34.504 329.185 36.018 290.500 359.435 29.497 270.261 285.450 357.393 55.966 335.737 336.437 7.674 271.742 55.576 43.366 351.604 210.470 215.165 46.941 351.641 203.735 75.864 47.435 71.912 223.657 231.455 356.866 326.175 242.522 67.513 12.902 275.572 132.739 127.522 209.905 93.783 177.104 181.270 164.856 128.563 92.955 302.638 328.328 2.681 287.828 28.500 36.521 53.277 288.010 220.192 144.545 259.327 299.245 344.727 1.465 75.785 60.863 356.097 65.720 102.144 184.622 148.811
317.073 31.135 0.435 351.089 38.416 318.101 54.218 279.295 304.951 34.896 304.952 306.615 327.582 53.023 213.473 270.677 36.110 222.577 200.272 333.661 357.958 66.110 269.520 213.848 46.897 359.314 10.346 52.264 61.988 50.327 253.293 235.101 186.932 277.591 176.355 140.485 267.471 46.872 51.477 109.494 238.809 72.456 110.873 118.210 330.105 69.610 249.179 213.709 269.765 335.894 326.693 53.671 71.530 266.926 158.895 341.922 229.388 191.666 194.434 185.943 124.130 103.098 215.744 95.217 77.022 172.933 352.333
285.424 28.253 340.451 356.880 31.670 14.923 105.110 263.604 272.319 349.026 33.270 292.964 133.163 71.565 48.747 262.756 294.305 51.479 311.374 283.089 101.812 82.580 26.075 233.521 307.294 357.313 54.086 116.038 113.673 35.776 301.535 270.500 168.058 188.713 179.372 210.379 250.640 200.617 53.083 45.000 24.000 112.472 72.932 316.663 5.377 84.255 228.791 202.974 204.620 196.816 223.716 45.785 74.421 34.177 303.661 311.529 16.887 22.015 223.597 201.866 165.782 153.506 167.885 143.272 132.960 330.524 288.880
239.556 218.254 280.871 125.789 164.076 100.690 86.482 187.193 263.298 291.180 62.438 269.974 76.321 304.098 70.248 308.923 228.791 316.767 25.195 197.711 181.159 95.872 54.257 307.654 260.899 183.218 114.500 96.076 306.296 329.059 9.242 341.960 55.182 351.125 341.527 221.026 206.723 242.448 133.025 131.766 90.616 88.379 102.104 230.416 152.529 134.419 312.576 16.275 267.594 217.997 215.697 194.404 130.090 23.142 327.300 327.154 346.647 17.698 7.842 3.973 16.466 41.248 81.027 104.921 343.237 324.772 332.802
318.564 312.724 345.153 60.783 348.162 56.748 19.860 47.062 230.795 209.135 165.346 255.117 153.304 219.027 352.436 356.325 89.942 251.029 118.309 148.163 248.257 351.067 344.705 346.672 73.167 155.060 144.923 53.524 349.437 266.155 125.625 162.271 201.038 45.616 164.208 339.138 331.985 304.327 119.181 74.263 126.043 110.254 158.638 170.903 80.331 355.741 278.130 328.450 12.651 10.781 8.785 191.350 238.467 319.124 2.789 322.961 200.034 156.751 115.804 322.103 55.116 52.291 63.419 49.874 354.094 282.958 30.303
269.848 245.905 223.968 50.091 57.308 108.077 126.083 340.243 42.771 241.817 203.727 194.583 173.421 211.044 234.182 147.643 115.865 221.510 149.943 241.220 112.469 278.652 292.455 175.748 63.929 71.638 317.154 5.161 29.712 286.166 74.960 38.365 290.804 0.687 353.766 332.988 288.919 63.600 137.170 152.453 160.090 150.905 136.796 306.819 321.698 66.513 288.322 279.114 16.286 26.023 61.769 43.936 239.586 210.947 171.375 192.964 175.815 172.329 182.570 213.240 132.155 59.793 66.878 56.728 337.426 326.600 57.319
293.023 336.676 299.629 69.880 98.603 127.045 348.876 348.201 63.266 9.433 1.147 3.515 327.940 214.335 208.287 175.996 152.859 225.638 310.252 325.936 147.320 221.028 218.563 139.475 141.113 96.714 269.291 118.740 185.839 270.959 32.388 65.708 295.921 10.447 354.750 306.398 319.637 19.897 65.091 84.705 111.247 315.931 2.848 22.460 290.610 71.699 241.066 218.440 209.209 151.946 119.099 56.984 249.944 236.226 222.431 224.734 186.995 164.498 189.913 202.055 192.871 157.460 169.450 53.853 355.666 29.992 5.553
302.328 254.616 150.124 169.944 121.126 20.735 310.835 103.241 213.832 266.012 347.102 11.177 352.614 41.830 333.404 358.238 344.121 20.710 225.000 273.752 2.954 354.679 303.272 159.410 99.958 21.922 347.883 61.168 337.178 311.496 358.446 44.633 284.309 290.765 21.288 319.433 310.142 86.117 113.328 118.297 78.297 258.148 166.584 100.250 237.018 109.610 15.001 232.141 193.499 154.611 288.998 65.751 35.081 252.636 239.205 271.213 82.569 183.659 156.136 214.042 180.738 177.163 202.692 194.984 308.395 25.435 1.291
40.347 266.160 98.413 137.610 106.048 296.182 8.190 61.148 338.372 260.154 222.053 281.002 71.884 105.061 296.317 65.966 278.422 11.275 7.454 260.317 213.704 198.074 166.042 198.506 95.149 209.185 309.990 31.048 21.993 245.442 251.852 78.577 24.250 292.980 76.961 211.196 177.696 150.911 131.194 98.705 235.289 281.598 34.345 94.644 114.677 325.751 37.579 321.911 278.130 258.802 251.754 332.280 40.849 55.054 246.265 223.645 119.554 337.896 9.235 20.715 22.703 1.061 307.786 234.002 196.197 195.187 212.157
215.097 198.880 94.453 66.982 337.162 333.048 167.079 111.949 304.622 57.706 265.710 240.232 62.975 63.571 248.547 53.780 357.651 211.902 195.238 40.355 334.053 221.562 301.218 335.372 336.545 47.936 278.874 90.610 101.519 321.669 12.830 109.816 6.285 237.825 131.193 162.362 194.737 44.518 53.360 76.293 326.324 296.562 45.324 61.608 349.737 347.492 123.991 227.442 278.937 262.387 249.035 259.436 52.722 42.182 23.045 162.754 214.756 225.425 186.488 338.870 5.903 20.757 33.509 344.888 356.121 221.589 198.341
171.405 205.129 40.068 8.323 10.103 66.431 70.666 325.099 304.728 40.931 37.397 286.660 270.340 85.270 293.899 290.177 91.796 271.356 172.779 218.038 65.634 309.587 326.074 7.836 306.553 23.194 303.435 67.807 5.643 255.923 126.691 231.161 316.932 17.167 3.665 26.186 326.913 40.314 54.771 48.222 89.664 266.266 355.901 37.511 40.029 341.127 46.220 344.165 236.115 252.185 246.658 242.586 245.045 31.090 34.745 45.508 284.575 206.988 200.685 241.935 148.917 185.951 1.544 16.110 24.986 23.590 0.590
36.000 318.959 53.126 255.091 116.739 126.836 326.713 13.452 325.390 31.611 68.375 290.680 191.659 103.874 271.231 241.533 77.935 291.960 345.948 332.866 94.235 270.134 287.467 359.702 316.598 72.205 172.989 150.822 209.091 121.436 122.017 201.169 199.360 175.123 182.487 163.033 197.667 156.576 150.039 149.588 124.216 235.752 196.617 153.394 117.290 357.825 88.166 101.310 210.055 206.162 227.917 229.486 245.004 245.761 74.656 69.849 46.985 79.136 220.393 219.385 157.904 209.275 199.325 165.436 78.690 8.642 24.523
52.488 277.174 76.488 353.674 87.633 318.566 313.949 98.457 256.574 126.746 106.873 295.727 63.071 64.499 282.485 300.142 85.897 313.152 338.874 8.064 53.055 266.241 251.644 257.179 154.926 193.356 70.108 91.277 199.256 155.984 120.634 84.626 187.626 172.390 171.182 172.276 185.573 175.227 146.636 318.366 349.879 314.524 222.325 221.906 241.966 325.056 7.632 30.091 26.171 140.528 234.803 196.151 254.553 251.565 28.159 38.948 38.552 48.270 42.194 276.986 235.823 191.167 203.526 193.000 208.514 205.686 340.259
102.084 101.319 292.683 83.481 106.232 253.140 284.293 346.488 36.394 52.306 322.607 35.267 321.408 56.708 299.848 355.309 35.984 274.355 281.229 38.390 50.736 334.633 5.903 149.650 122.373 241.793 156.080 127.530 125.956 251.448 102.044 116.829 138.790 20.556 352.686 355.835 2.012 7.125 350.154 334.242 326.282 324.812 344.698 342.496 258.559 267.217 333.838 22.486 29.161 40.608 302.905 241.431 237.250 238.181 262.879 65.204 60.655 57.132 10.948 29.533 198.778 106.294 330.068 354.174 219.322 197.784 203.380
177.371 84.963 244.310 97.058 64.169 295.123 288.205 232.008 104.819 91.926 259.935 13.634 338.995 38.057 306.704 329.755 61.046 195.548 227.345 168.113 303.266 133.112 141.268 129.971 189.520 164.403 156.756 101.851 93.458 205.248 172.414 134.169 2.337 353.095 322.869 342.300 336.801 10.161 343.894 343.940 317.316 28.697 282.203 62.044 114.546 230.769 213.177 184.022 99.413 67.440 63.700 246.166 237.218 255.423 246.975 64.359 61.254 77.104 329.036 52.566 326.733 343.419 359.165 30.506 31.078 6.892 233.933
350.246 351.427 15.846 50.412 356.635 354.598 349.301 1.585 75.860 22.897 315.792 357.757 276.574 91.715 223.189 225.325 73.100 14.280 340.928 333.890 270.262 116.938 154.791 155.407 163.230 170.266 271.403 51.784 89.737 321.616 344.738 12.504 19.771 26.092 345.510 321.459 351.870 353.509 4.943 349.465 337.068 19.495 299.331 352.778 46.907 293.436 212.768 237.270 286.329 77.994 72.913 92.534 203.405 245.791 246.812 241.858 87.901 76.233 316.804 58.230 290.972 288.457 347.994 40.506 50.696 23.150 358.683
244.213 172.237 238.387 8.869 345.765 17.257 347.559 33.066 65.341 317.091 322.253 27.152 336.208 43.525 29.393 300.349 57.297 140.176 181.645 191.874 189.666 117.735 106.392 164.081 153.216 253.946 220.296 151.685 132.589 309.212 327.933 81.578 355.133 44.281 23.459 284.508 337.483 28.009 3.299 350.429 346.334 353.242 303.519 61.101 11.234 38.889 71.565 256.128 243.342 90.786 63.695 58.673 69.702 236.464 234.252 224.023 139.933 124.902 306.870 70.902 2.158 263.605 227.893 42.433 52.427 32.973 19.895
233.764 159.609 292.529 348.552 127.954 149.661 195.925 158.515 41.081 42.245 220.150 155.504 233.670 62.167 21.227 320.642 101.541 50.057 23.569 142.491 173.036 156.181 158.524 162.749 161.904 202.543 174.197 132.382 289.691 297.777 126.139 138.118 200.491 119.495 25.080 287.963 303.117 7.715 15.121 41.437 318.707 319.437 330.281 14.931 354.099 79.055 64.170 227.521 206.818 179.200 58.465 64.846 41.059 267.668 254.337 239.262 100.322 297.831 352.376 42.231 52.251 278.015 265.983 293.939 17.742 37.902 41.141
308.522 358.465 216.236 175.601 152.628 142.055 245.591 257.094 35.701 49.436 331.736 127.147 280.920 165.243 140.882 165.534 132.149 138.069 130.912 100.029 84.781 326.971 26.404 40.110 119.305 109.983 11.793 328.637 288.247 238.749 102.903 91.450 1.637 314.292 36.206 325.305 217.068 209.366 107.983 57.609 26.291 256.492 197.534 246.591 359.736 66.846 67.718 60.154 243.553 252.089 93.500 55.260 41.406 45.000 240.937 244.399 2.375 289.675 323.784 65.138 83.904 269.704 182.113 211.555 225.031 71.783 59.473
228.327 158.567 166.013 175.774 170.586 159.665 213.071 221.672 215.428 113.500 110.703 240.699 215.315 165.829 119.666 143.920 167.999 156.623 155.657 150.804 128.563 246.327 326.592 22.744 35.362 353.723 337.249 333.695 315.723 47.882 91.736 8.130 323.889 283.949 52.945 11.115 40.580 248.341 268.399 69.652 72.016 234.587 229.365 278.162 303.864 57.014 50.593 10.776 21.155 230.139 203.575 47.941 13.970 61.757 277.869 243.653 243.563 247.830 203.212 128.611 38.579 356.327 47.423 329.904 241.066 280.506 64.042
354.776 23.815 10.699 15.187 350.145 50.018 302.190 305.809 231.617 159.250 114.124 258.067 327.740 63.755 122.420 126.210 156.258 152.347 142.979 340.357 24.527 318.036 357.189 339.230 5.176 9.520 7.336 18.095 291.221 96.399 79.582 0.444 292.565 276.650 71.396 18.636 76.099 309.308 315.461 68.613 56.626 73.086 227.698 237.804 233.551 93.740 74.504 356.145 25.346 43.086 235.019 205.733 215.816 54.561 34.133 224.397 246.106 230.306 208.634 56.160 314.459 348.588 24.965 56.983 278.180 251.142 108.803
