tests/dem_reading/ref_AZI.asc
ncols               386
nrows               229
xllcorner    479497.492
yllcorner     73502.967
cellsize       1000.000
NODATA_value -999
[rows 90 to 119 of 229, columns 268 to 334 of 386]
43.157 57.789 71.445 259.200 100.702 338.962 228.069 257.092 338.747 41.877 251.021 237.257 216.702 189.752 177.990 146.102 149.798 182.136 181.462 173.052 169.465 212.957 234.074 201.180 195.487 231.450 324.807 342.827 120.741 129.590 136.484 -999.000 -999.000 -999.000 -999.000 -999.000 -999.000 -999.000 -999.000 -999.000 -999.000 -999.000 -999.000 -999.000 -999.000 -999.000 -999.000 -999.000 -999.000 -999.000 -999.000 -999.000 -999.000 -999.000 -999.000 -999.000 -999.000 -999.000 -999.000 -999.000 -999.000 -999.000 -999.000 -999.000 -999.000 -999.000 -999.000
120.928 48.799 52.725 48.843 83.254 0.000 348.377 226.607 202.901 163.752 323.553 234.065 222.956 234.194 225.282 96.675 12.191 44.701 50.292 137.337 212.213 197.941 202.490 245.927 314.537 342.962 334.264 50.318 158.054 118.026 193.437 247.231 230.575 -999.000 -999.000 -999.000 -999.000 -999.000 -999.000 -999.000 -999.000 -999.000 -999.000 -999.000 -999.000 -999.000 -999.000 -999.000 -999.000 -999.000 -999.000 -999.000 -999.000 -999.000 -999.000 -999.000 -999.000 -999.000 -999.000 -999.000 -999.000 -999.000 -999.000 -999.000 -999.000 -999.000 -999.000
308.920 49.964 56.279 27.888 40.526 45.370 305.910 300.203 315.000 237.805 184.698 222.466 252.543 230.836 231.306 211.462 339.392 37.039 54.707 78.858 245.682 272.032 318.309 298.462 321.402 158.017 199.339 148.415 164.754 177.737 266.499 234.073 223.532 219.441 212.585 152.954 146.772 277.847 -999.000 -999.000 -999.000 -999.000 -999.000 -999.000 -999.000 -999.000 -999.000 -999.000 -999.000 -999.000 -999.000 -999.000 -999.000 -999.000 -999.000 -999.000 -999.000 -999.000 -999.000 -999.000 -999.000 -999.000 -999.000 -999.000 -999.000 -999.000 -999.000
310.786 61.136 35.880 30.887 18.681 7.450 40.998 17.708 291.218 243.615 226.049 206.330 242.251 242.132 253.144 242.740 292.996 68.061 98.930 99.546 263.073 264.414 260.473 272.029 128.619 142.059 235.336 119.525 130.167 216.215 215.874 211.426 217.716 230.239 196.091 127.007 268.656 257.899 -999.000 -999.000 -999.000 -999.000 -999.000 -999.000 -999.000 -999.000 -999.000 -999.000 -999.000 -999.000 -999.000 -999.000 -999.000 -999.000 -999.000 -999.000 -999.000 -999.000 -999.000 -999.000 -999.000 -999.000 -999.000 -999.000 -999.000 -999.000 -999.000
339.795 61.297 28.058 24.822 9.022 7.714 27.006 15.568 42.107 229.524 213.562 233.610 236.122 236.595 225.688 235.261 206.437 148.398 132.928 122.060 200.063 233.141 254.323 228.931 120.211 129.527 237.426 134.947 192.482 303.286 329.895 295.731 304.812 82.884 159.993 118.885 248.256 250.063 252.359 -999.000 -999.000 -999.000 -999.000 -999.000 -999.000 -999.000 -999.000 -999.000 -999.000 -999.000 -999.000 -999.000 -999.000 -999.000 -999.000 -999.000 -999.000 -999.000 -999.000 -999.000 -999.000 -999.000 -999.000 -999.000 -999.000 -999.000 -999.000
308.234 50.677 68.112 310.219 15.301 16.479 48.476 66.707 58.303 44.109 348.359 226.307 216.995 226.213 222.640 228.829 181.851 161.793 140.918 118.103 279.840 282.429 221.497 193.113 134.531 95.109 238.668 115.385 275.773 256.418 181.533 240.008 250.469 91.202 117.415 190.534 254.964 249.304 274.236 -999.000 -999.000 -999.000 -999.000 -999.000 -999.000 -999.000 -999.000 -999.000 -999.000 -999.000 -999.000 -999.000 -999.000 -999.000 -999.000 -999.000 -999.000 -999.000 -999.000 -999.000 -999.000 -999.000 -999.000 -999.000 -999.000 -999.000 -999.000
297.952 77.123 47.789 319.828 16.312 27.628 65.878 93.955 309.514 36.494 41.650 28.125 240.877 238.636 221.693 241.723 156.008 168.889 151.202 126.148 228.257 187.873 199.779 194.222 153.830 174.967 184.567 213.831 250.667 217.810 242.626 292.084 224.346 152.622 129.590 290.851 349.877 308.931 -999.000 -999.000 -999.000 -999.000 -999.000 -999.000 -999.000 -999.000 -999.000 -999.000 -999.000 -999.000 -999.000 -999.000 -999.000 -999.000 -999.000 -999.000 -999.000 -999.000 -999.000 -999.000 -999.000 -999.000 -999.000 -999.000 -999.000 -999.000 -999.000
287.255 49.268 14.551 339.361 52.787 81.463 94.965 86.659 305.349 22.878 37.906 46.679 285.178 232.615 201.688 227.915 166.955 176.014 164.789 162.357 199.915 194.070 196.814 182.539 186.246 340.136 331.386 333.193 355.644 351.229 285.944 209.867 163.934 165.593 228.404 261.138 268.290 273.267 -999.000 -999.000 -999.000 -999.000 -999.000 -999.000 -999.000 -999.000 -999.000 -999.000 -999.000 -999.000 -999.000 -999.000 -999.000 -999.000 -999.000 -999.000 -999.000 -999.000 -999.000 -999.000 -999.000 -999.000 -999.000 -999.000 -999.000 -999.000 -999.000
298.070 89.431 100.026 162.905 149.344 149.882 114.449 91.720 280.369 62.303 60.496 57.790 43.620 279.616 270.746 235.769 307.952 36.684 333.670 3.733 340.902 8.915 35.279 158.562 288.085 312.307 329.118 314.874 329.167 8.156 15.688 97.945 245.222 328.421 349.746 271.403 270.296 261.208 -999.000 -999.000 -999.000 -999.000 -999.000 -999.000 -999.000 -999.000 -999.000 -999.000 -999.000 -999.000 -999.000 -999.000 -999.000 -999.000 -999.000 -999.000 -999.000 -999.000 -999.000 -999.000 -999.000 -999.000 -999.000 -999.000 -999.000 -999.000 -999.000
353.512 113.164 134.523 147.711 152.875 157.716 108.044 348.687 285.659 78.218 75.396 92.592 105.063 272.198 248.610 303.502 274.292 64.155 321.254 348.660 335.512 358.416 24.552 22.628 258.262 229.408 207.030 195.126 223.021 266.264 58.067 88.956 265.592 278.487 11.678 12.195 252.662 273.414 -999.000 -999.000 -999.000 -999.000 -999.000 -999.000 -999.000 -999.000 -999.000 -999.000 -999.000 -999.000 -999.000 -999.000 -999.000 -999.000 -999.000 -999.000 -999.000 -999.000 -999.000 -999.000 -999.000 -999.000 -999.000 -999.000 -999.000 -999.000 -999.000
232.912 72.775 31.487 20.432 8.823 11.577 64.967 273.203 272.288 78.768 99.978 105.936 125.026 264.708 296.353 291.127 283.139 338.703 307.324 318.258 354.723 334.190 82.644 85.234 93.562 253.012 242.638 300.897 312.881 233.566 142.525 112.216 281.935 276.245 263.114 4.848 346.281 333.492 316.657 -999.000 -999.000 -999.000 -999.000 -999.000 -999.000 -999.000 -999.000 -999.000 -999.000 -999.000 -999.000 -999.000 -999.000 -999.000 -999.000 -999.000 -999.000 -999.000 -999.000 -999.000 -999.000 -999.000 -999.000 -999.000 -999.000 -999.000 -999.000
206.429 105.968 53.560 71.663 331.967 70.962 90.735 284.996 274.379 96.737 92.960 88.292 85.978 315.000 315.572 294.598 326.046 45.467 265.292 277.901 340.376 82.792 121.633 118.364 138.333 264.323 286.059 283.548 203.862 158.484 142.950 217.396 294.360 325.537 332.225 296.667 15.179 328.930 131.542 110.147 -999.000 -999.000 -999.000 -999.000 -999.000 -999.000 -999.000 -999.000 -999.000 -999.000 -999.000 -999.000 -999.000 -999.000 -999.000 -999.000 -999.000 -999.000 -999.000 -999.000 -999.000 -999.000 -999.000 -999.000 -999.000 -999.000 85.532
103.598 234.817 51.566 78.394 180.941 129.704 106.927 298.854 327.416 109.448 110.547 99.228 100.721 293.232 288.500 274.939 296.654 54.116 282.473 264.049 190.792 119.677 110.906 84.003 36.787 242.672 229.588 192.128 181.340 159.882 167.687 294.280 259.652 214.425 199.643 233.401 202.823 169.185 128.251 143.398 177.934 -999.000 -999.000 -999.000 -999.000 -999.000 -999.000 -999.000 -999.000 -999.000 -999.000 -999.000 -999.000 -999.000 -999.000 -999.000 -999.000 -999.000 -999.000 -999.000 -999.000 -999.000 -999.000 -999.000 -999.000 -999.000 82.450
107.413 244.239 171.993 125.171 118.552 128.974 315.902 295.388 74.442 102.914 109.127 90.000 49.998 265.628 267.323 288.493 327.312 81.587 283.065 293.288 77.415 114.045 96.866 305.685 33.954 23.316 243.290 195.329 188.964 160.442 226.940 205.113 206.701 208.033 207.755 230.395 224.189 153.042 140.494 159.486 181.452 212.657 206.637 197.058 186.141 180.617 -999.000 -999.000 -999.000 -999.000 -999.000 -999.000 -999.000 -999.000 -999.000 -999.000 -999.000 -999.000 -999.000 -999.000 -999.000 -999.000 -999.000 -999.000 -999.000 -999.000 73.696
162.747 180.432 179.229 169.992 139.399 139.152 292.078 287.142 62.443 47.617 40.432 36.658 50.303 274.710 297.783 276.160 286.260 43.616 296.584 268.881 46.035 58.791 63.240 312.666 1.656 20.968 19.982 14.136 343.904 341.373 241.825 176.243 206.223 217.824 218.517 236.034 202.189 178.119 119.260 145.031 199.718 214.585 197.433 198.652 172.976 202.590 239.152 -999.000 -999.000 -999.000 -999.000 -999.000 -999.000 -999.000 -999.000 -999.000 -999.000 -999.000 -999.000 -999.000 -999.000 -999.000 -999.000 -999.000 -999.000 68.495 68.411
13.570 33.606 356.649 112.448 129.935 315.278 324.861 352.488 79.740 87.234 86.946 106.970 104.186 295.549 272.584 268.610 275.982 42.614 51.588 261.994 179.290 63.450 50.810 320.092 301.540 24.055 28.021 50.581 325.279 6.519 11.843 24.007 356.545 222.840 214.803 219.913 207.061 198.507 131.844 268.571 16.346 352.141 272.587 207.926 167.537 247.552 254.676 221.812 291.825 305.286 -999.000 -999.000 -999.000 -999.000 -999.000 -999.000 -999.000 -999.000 -999.000 -999.000 -999.000 -999.000 -999.000 -999.000 -999.000 65.180 71.224
29.072 30.543 59.924 94.258 306.111 302.661 304.885 103.644 96.439 94.591 108.475 118.864 134.825 297.681 260.365 265.240 265.245 284.432 66.770 282.279 306.207 30.654 61.285 42.450 282.526 15.527 44.239 48.420 304.976 15.465 25.191 23.377 20.817 21.074 32.756 214.145 207.699 190.853 171.691 265.016 280.741 18.819 349.680 351.949 38.780 262.245 251.621 95.666 285.498 230.157 184.707 -999.000 -999.000 -999.000 -999.000 -999.000 -999.000 -999.000 -999.000 -999.000 -999.000 -999.000 -999.000 -999.000 -999.000 -999.000 26.188
125.180 137.694 115.586 105.874 291.513 284.190 220.030 98.681 109.207 101.972 99.412 101.898 302.344 317.367 299.719 286.248 257.530 261.693 60.730 312.660 311.186 100.238 101.045 336.466 296.969 333.750 60.795 30.004 313.781 0.479 39.421 32.783 31.461 29.048 27.939 10.942 225.571 199.948 236.582 233.251 241.296 250.109 217.392 277.781 28.343 8.446 299.262 109.394 223.538 189.168 206.396 240.219 -999.000 -999.000 -999.000 -999.000 -999.000 -999.000 -999.000 -999.000 -999.000 -999.000 -999.000 -999.000 -999.000 138.407 20.020
128.314 131.264 105.727 299.355 288.619 291.153 89.814 133.347 111.502 118.791 112.380 127.887 294.223 301.614 286.955 287.471 340.647 309.026 1.852 335.559 92.207 110.082 1.337 343.637 311.205 12.425 93.680 338.375 347.694 338.549 44.337 41.208 6.782 12.366 10.000 31.934 21.643 16.864 244.753 230.053 228.015 187.927 177.189 210.481 187.829 166.789 204.174 113.227 249.981 207.947 237.512 241.156 -999.000 -999.000 -999.000 -999.000 -999.000 -999.000 -999.000 -999.000 -999.000 -999.000 178.156 157.526 155.387 144.167 23.050
106.868 127.882 83.753 302.254 307.708 272.018 124.263 151.825 138.628 131.013 117.034 250.820 270.941 298.555 314.798 288.398 312.958 343.132 299.876 333.846 48.171 13.153 339.164 24.064 300.748 85.981 57.861 301.504 354.428 352.679 41.545 26.814 357.699 354.291 9.425 24.808 34.452 54.181 16.557 218.312 201.369 185.436 187.475 202.535 205.176 178.678 180.104 151.493 213.564 223.696 245.578 251.396 277.354 292.913 281.063 -999.000 -999.000 -999.000 -999.000 -999.000 -999.000 150.919 162.601 152.585 166.529 208.049 210.605
92.741 79.945 288.687 285.459 259.118 146.162 127.082 133.384 144.616 141.138 133.049 281.997 279.751 269.506 288.753 288.997 214.458 180.319 205.130 195.129 158.546 184.664 185.852 157.384 225.937 51.918 359.848 330.941 203.994 160.277 159.560 8.387 343.591 355.734 26.002 23.243 55.119 64.232 353.342 8.341 344.802 342.746 344.253 70.184 235.944 279.047 14.627 335.922 26.073 275.781 236.269 263.675 304.856 284.521 261.542 123.870 -999.000 194.716 195.359 171.173 153.898 152.124 134.735 190.706 161.423 290.444 238.235
135.781 125.699 239.502 249.084 152.526 160.878 157.766 143.908 150.285 135.498 311.273 302.623 304.380 318.024 316.167 190.259 169.939 225.577 174.793 199.832 172.587 171.627 198.281 194.892 211.442 245.277 156.981 156.787 167.127 225.705 328.888 332.151 315.893 52.482 122.718 162.506 144.995 109.640 312.360 2.390 354.322 345.443 353.799 46.595 317.672 296.737 11.836 310.410 39.588 315.772 323.233 330.383 318.848 249.548 131.275 154.507 92.557 193.267 198.025 143.585 165.349 139.187 97.777 298.198 351.676 305.311 87.572
69.702 130.142 182.960 203.995 158.611 154.197 158.769 135.093 331.223 332.097 327.489 10.338 258.858 230.149 170.170 171.276 156.760 221.000 168.248 207.365 183.051 180.329 192.853 197.587 223.821 216.204 165.888 131.001 286.977 319.228 341.040 342.454 3.730 77.842 83.319 109.591 105.556 346.965 272.828 267.941 327.829 344.111 17.588 72.374 3.479 274.255 339.453 338.273 0.438 347.080 310.219 190.917 272.840 347.763 189.951 311.231 94.593 176.527 266.728 64.779 101.012 180.813 114.927 266.038 355.363 316.583 90.236
142.655 117.122 198.743 167.760 168.302 146.909 127.486 322.920 323.566 336.909 343.598 35.656 134.243 206.372 176.597 179.567 181.274 195.264 192.241 200.605 195.717 186.519 189.202 197.964 223.695 206.933 172.848 79.732 287.784 261.049 200.673 215.515 133.046 62.235 75.053 80.509 118.301 301.667 343.043 333.446 235.627 253.582 59.811 44.138 45.985 260.770 232.549 166.237 182.556 187.588 180.035 223.399 232.958 139.944 246.324 41.435 90.349 109.277 221.759 199.600 57.924 29.350 98.027 238.754 210.965 190.093 113.400
158.918 140.509 182.298 102.152 28.251 330.525 342.051 321.726 325.981 308.237 15.161 65.284 45.943 333.733 357.661 359.434 2.266 5.465 323.057 313.518 296.648 317.566 300.139 24.610 215.121 196.667 189.140 221.510 216.611 198.897 203.865 217.837 191.538 151.128 126.221 118.671 290.352 299.767 312.802 15.410 334.567 256.164 324.549 14.799 46.449 47.829 215.773 267.077 346.754 5.432 349.661 330.586 63.385 113.353 234.562 206.057 47.855 80.491 242.491 252.253 302.495 64.007 91.398 256.001 230.269 175.678 157.685
143.149 112.288 289.207 60.042 321.445 334.146 351.640 339.192 331.191 299.327 100.612 101.862 27.745 312.554 353.455 4.804 14.064 29.465 351.485 337.003 343.928 354.639 341.838 9.324 41.854 310.490 330.672 337.179 327.970 310.477 316.458 23.761 143.448 147.860 119.733 113.378 245.686 215.717 190.143 213.831 236.104 306.171 267.330 152.347 96.871 88.820 298.986 244.253 211.397 189.762 179.391 213.254 96.050 76.919 259.297 249.873 163.803 95.989 252.598 257.226 205.433 129.857 89.263 249.566 179.542 162.170 174.851
72.597 40.021 225.582 310.424 326.955 324.899 349.641 347.884 329.128 21.286 96.361 96.553 301.722 302.246 341.736 8.438 21.498 33.720 338.339 339.057 351.084 0.295 347.982 53.007 85.103 280.465 281.331 296.536 329.578 316.483 234.999 141.170 128.143 138.337 133.718 209.288 309.542 332.002 349.993 61.989 229.016 220.223 248.122 325.983 56.312 59.363 318.232 358.177 300.723 245.103 169.302 230.360 301.624 60.489 54.351 257.547 68.330 95.096 183.832 240.139 156.275 185.185 97.295 297.425 142.196 154.091 157.952
34.372 66.899 319.255 324.710 328.399 314.808 355.300 346.835 296.938 66.905 67.686 75.412 270.363 270.551 292.260 339.155 18.158 32.706 317.129 301.241 3.754 45.621 104.094 129.284 97.481 284.061 320.318 311.565 330.396 350.828 37.865 87.792 108.985 122.295 313.520 351.525 68.615 236.780 278.991 39.015 2.350 230.491 226.270 228.793 105.371 58.210 306.217 74.973 296.813 317.581 59.979 173.293 232.476 105.494 101.526 241.228 165.805 123.271 170.455 198.900 167.397 182.884 156.958 153.140 147.484 172.647 148.847
52.450 43.415 262.369 232.803 237.291 237.609 192.760 200.566 263.392 67.012 66.909 66.039 289.501 263.430 240.541 249.549 330.767 68.332 316.105 277.597 129.300 129.963 121.055 118.601 35.478 295.772 306.809 298.598 307.729 185.123 124.955 108.701 103.625 116.117 291.530 327.511 37.428 337.700 235.061 247.431 34.753 3.354 251.183 261.202 105.600 11.709 260.921 101.095 273.792 239.507 83.739 83.879 192.977 172.347 98.744 219.016 163.160 162.870 177.188 177.396 168.556 177.703 171.706 166.996 124.929 229.873 17.827
57.744 62.367 194.995 263.009 284.134 187.171 217.922 273.153 311.981 80.505 104.102 92.207 225.712 232.686 235.004 271.906 298.811 91.442 304.089 9.016 131.789 131.913 121.371 111.157 296.113 310.230 343.016 316.346 87.250 145.839 153.468 140.697 113.441 295.884 301.082 286.634 59.825 59.660 261.701 247.644 331.665 50.159 287.050 244.464 328.281 351.240 87.951 109.003 199.377 203.432 209.340 30.003 43.024 116.689 178.123 146.527 164.670 177.570 194.775 198.945 89.117 340.473 3.534 25.869 341.364 351.261 0.862
