tests/dem_reading/ref_SLOPE.asc
ncols               386
nrows               229
xllcorner    479497.492
yllcorner     73502.967
cellsize       1000.000
NODATA_value -999
[rows 160 to 191 of 229, columns 71 to 141 of 386]
-999.000 -999.000 0.000 0.000 0.000 0.000 0.000 0.000 7.374 14.511 15.656 16.504 27.363 10.049 14.637 13.555 12.258 0.759 21.836 20.389 8.629 9.525 4.485 11.975 10.524 6.012 26.511 20.254 21.035 23.867 19.124 4.391 19.802 20.787 22.427 29.349 19.077 22.416 29.403 4.372 24.384 26.151 21.342 6.173 5.612 13.032 8.337 12.523 21.361 5.587 8.461 17.136 28.842 22.973 17.247 19.227 15.529 9.192 10.544 19.916 11.840 7.715 12.594 8.097 24.204 20.035 33.451 32.232 35.008 35.710 21.111
-999.000 -999.000 0.000 0.000 0.000 0.000 0.000 0.000 0.000 14.372 21.161 23.260 11.425 26.965 16.265 15.670 24.702 19.996 3.171 4.442 7.140 6.513 11.520 2.191 12.467 13.226 4.096 16.442 19.253 21.022 15.381 13.985 16.342 12.317 11.314 30.804 16.344 21.244 18.245 11.318 11.209 13.485 11.112 10.526 4.433 5.954 3.306 16.443 17.946 21.135 24.380 18.569 10.728 21.083 24.490 9.317 7.036 25.655 24.001 25.574 14.395 5.431 20.492 15.011 21.420 16.133 25.161 14.330 3.729 37.951 17.471
-999.000 0.000 0.000 0.000 0.000 0.000 0.000 0.000 0.000 6.780 30.832 24.407 23.800 12.525 27.902 5.220 24.249 9.110 9.155 14.821 11.592 15.834 15.921 8.584 10.254 18.464 20.420 25.967 26.870 8.721 29.342 10.675 26.141 30.144 23.494 21.173 14.736 19.521 14.291 11.546 2.370 13.744 11.892 9.932 4.378 2.662 14.934 6.302 16.806 22.257 9.767 15.511 10.421 30.496 22.958 22.694 34.121 24.595 20.904 13.213 8.642 17.100 11.574 17.604 26.884 12.738 4.728 23.370 34.101 21.533 3.080
-999.000 0.000 0.000 0.000 0.000 0.000 0.000 0.000 0.000 1.747 20.064 11.024 23.877 31.150 6.843 17.538 5.917 17.189 15.982 15.915 13.714 8.167 15.426 5.343 11.311 9.415 16.161 23.482 5.458 17.906 26.494 10.855 16.507 12.871 13.911 15.809 14.665 16.781 6.219 15.926 9.384 16.647 18.070 16.456 9.294 8.236 5.694 16.222 22.202 10.029 25.604 36.100 33.594 29.077 22.046 26.151 7.170 20.022 11.421 18.901 23.226 20.614 4.285 19.862 17.542 34.850 37.926 26.644 16.278 3.474 16.851
-999.000 0.000 0.000 0.000 0.000 0.000 0.004 0.029 0.064 1.610 12.939 29.152 27.259 3.011 10.496 5.566 10.567 9.342 14.915 22.416 6.875 17.698 9.140 5.467 6.612 13.057 22.697 18.175 3.051 9.462 19.051 18.390 1.736 14.135 19.308 18.751 12.347 14.143 8.949 13.817 14.090 16.982 18.990 6.178 6.682 16.500 23.469 11.169 3.328 18.289 32.143 4.230 12.891 19.088 12.515 19.275 8.347 17.726 8.231 17.091 3.496 8.652 20.121 36.120 36.836 30.664 9.582 23.532 18.536 5.353 18.678
-999.000 15.027 6.462 4.504 0.903 0.134 0.151 0.221 0.224 0.134 21.630 30.133 14.039 10.719 1.771 19.285 21.349 9.835 9.933 19.825 15.759 18.317 2.251 19.945 17.997 21.027 21.939 22.904 15.163 14.695 5.485 17.097 14.791 1.776 22.259 16.060 10.793 18.359 14.936 16.637 22.592 22.284 8.389 21.592 28.399 13.062 8.924 15.725 32.445 24.358 18.266 17.694 19.627 10.771 7.443 5.008 10.856 2.919 21.623 31.300 30.228 19.817 39.075 20.059 14.611 8.101 27.938 24.418 6.978 8.091 10.849
29.592 27.011 24.636 16.941 8.416 0.233 0.134 0.139 0.089 5.121 32.589 23.249 8.700 13.864 24.574 26.199 13.098 19.042 10.126 22.279 22.414 6.667 17.011 22.702 12.558 4.841 19.628 10.087 8.353 6.223 8.351 11.092 3.580 19.657 15.014 4.199 4.395 26.034 34.257 28.919 18.919 17.840 21.910 25.644 2.002 15.864 30.306 16.747 7.772 3.213 14.785 3.098 5.735 2.388 6.234 7.559 8.571 16.550 16.363 16.635 19.357 34.799 37.381 3.835 25.034 28.147 29.420 2.757 16.671 7.820 12.427
29.660 29.901 37.693 38.890 27.980 7.167 0.099 0.119 0.075 8.078 33.149 17.104 8.543 2.426 23.385 14.225 22.920 11.382 15.031 9.517 11.386 12.591 17.714 28.542 29.149 24.940 21.482 23.621 24.828 17.909 1.632 8.228 15.560 14.904 10.279 28.637 31.946 22.129 33.779 15.907 22.923 18.033 19.392 17.903 17.247 7.372 16.763 5.084 12.999 7.710 9.787 10.831 10.836 3.357 10.157 27.516 24.262 8.784 6.213 9.181 26.871 37.270 27.557 19.362 28.014 19.411 12.454 21.004 9.539 7.256 12.119
27.494 11.108 15.496 29.814 20.635 15.325 0.139 0.054 0.031 6.320 28.295 32.386 20.654 20.790 25.723 8.813 19.598 18.440 20.151 16.202 12.087 12.904 19.482 21.109 21.863 20.700 20.562 20.371 12.039 12.435 19.528 21.559 10.876 6.209 32.410 24.827 20.823 20.707 29.853 12.878 18.866 22.056 32.437 16.937 9.067 17.090 28.732 29.125 32.177 15.477 5.137 4.926 14.407 17.748 7.818 25.021 17.321 19.753 13.189 7.823 26.812 30.418 6.681 21.263 23.103 15.337 12.089 15.991 13.401 10.648 2.824
9.829 16.774 17.485 21.465 31.856 31.401 17.149 0.059 0.043 0.015 10.549 30.962 16.333 14.208 25.725 7.734 20.469 13.939 8.298 16.611 19.442 17.792 18.295 13.536 10.307 8.467 3.688 10.254 14.082 12.608 9.830 15.134 28.794 27.795 24.221 8.967 4.198 10.859 32.339 12.531 23.437 24.228 21.336 10.967 20.628 4.500 31.490 26.298 19.486 29.004 27.250 23.237 20.762 16.679 23.819 21.210 13.207 28.498 19.029 17.842 27.103 33.944 12.260 21.848 22.104 22.591 10.842 18.444 18.729 9.953 14.359
18.266 24.201 12.373 16.556 23.647 26.812 18.093 0.121 0.073 0.026 2.923 21.567 11.924 26.184 15.656 21.992 13.698 19.996 10.537 22.049 8.907 16.593 19.178 24.597 24.705 18.968 18.367 6.024 19.776 26.653 29.430 29.490 26.670 23.003 22.301 16.447 15.724 3.083 27.209 8.602 11.480 19.868 22.709 16.635 12.254 9.707 28.053 20.309 14.981 12.644 15.013 9.919 11.628 15.948 8.731 18.388 20.401 12.119 18.749 21.652 12.870 23.543 24.941 21.365 17.220 18.650 15.614 19.168 22.282 19.934 20.853
21.288 28.371 8.552 19.229 7.923 19.163 15.090 0.077 0.040 0.131 0.263 10.855 14.474 30.668 16.903 17.012 26.726 7.879 17.794 36.437 24.676 13.596 3.361 5.629 8.158 5.947 10.503 12.980 24.806 22.204 25.678 27.294 11.689 19.986 19.416 8.870 11.935 5.159 13.492 9.505 3.901 7.274 15.545 4.518 6.518 10.861 20.320 10.148 20.685 9.736 20.989 17.882 15.121 17.832 20.426 22.557 18.933 20.792 24.777 25.460 29.036 26.794 29.272 12.307 23.763 21.016 21.352 23.621 24.768 21.110 18.928
-999.000 13.235 8.572 17.504 20.543 21.045 26.668 1.111 0.157 0.234 0.220 1.442 8.515 24.411 23.508 18.849 7.190 30.369 22.320 28.849 7.676 3.763 6.844 0.902 5.667 4.950 10.329 14.029 8.922 32.250 21.609 10.814 12.425 6.100 5.671 9.049 6.717 8.456 16.095 17.958 13.342 18.065 18.883 15.041 18.198 17.469 20.539 16.371 18.275 18.274 31.377 13.352 17.339 16.121 23.612 25.686 24.427 20.176 22.248 25.303 23.452 24.139 20.950 12.683 20.392 23.880 17.637 9.258 15.779 23.314 24.624
-999.000 -999.000 8.030 12.143 12.464 16.565 25.184 6.894 0.257 0.117 0.107 0.524 1.441 10.964 7.749 12.611 17.420 23.884 8.333 13.539 15.928 13.025 18.089 15.397 9.249 7.358 6.761 24.919 38.118 38.900 25.644 8.057 5.960 9.634 6.382 6.278 8.551 14.487 21.363 30.047 21.971 14.023 19.783 24.724 21.834 17.953 20.078 22.015 28.575 12.068 23.846 15.047 16.056 15.365 15.218 11.096 10.104 14.263 14.909 15.133 17.451 17.666 13.057 11.539 16.319 19.962 18.720 24.279 29.530 29.680 28.127
-999.000 -999.000 -999.000 15.240 14.001 21.125 15.842 16.828 0.192 0.138 0.049 0.328 0.903 5.823 14.413 10.623 20.462 13.191 17.742 13.354 13.755 13.059 7.068 6.859 10.783 17.285 28.719 30.888 27.142 31.523 10.329 34.888 35.366 22.981 15.048 11.311 1.944 21.502 18.366 16.849 21.397 20.815 10.648 28.534 23.630 24.165 21.101 22.065 17.674 15.541 10.636 6.688 11.129 17.137 17.946 14.486 12.698 6.855 6.329 2.462 3.001 1.223 3.354 4.697 4.023 7.441 13.133 10.650 5.361 0.164 0.026
-999.000 -999.000 -999.000 -999.000 -999.000 27.259 21.315 31.850 4.813 0.073 0.021 0.107 0.428 4.402 9.728 16.469 22.447 13.662 12.938 11.117 8.101 3.238 12.706 16.040 13.672 7.324 36.312 38.085 37.463 41.355 43.350 34.403 21.787 34.790 32.587 16.921 6.789 14.932 20.865 12.724 9.598 38.100 15.851 28.504 16.170 20.041 16.652 17.444 1.848 17.174 5.019 7.283 10.009 16.082 13.828 12.656 7.538 3.049 0.810 1.101 7.525 10.117 8.374 6.601 5.493 4.969 3.207 4.078 13.726 19.168 25.664
-999.000 -999.000 -999.000 -999.000 -999.000 23.242 8.571 35.517 12.327 0.225 0.244 0.252 0.274 0.445 2.100 17.018 18.029 15.116 12.732 13.493 7.354 9.721 16.763 23.547 30.355 21.690 18.906 9.409 8.260 8.051 18.597 16.873 16.594 5.554 30.627 24.212 6.804 12.378 18.452 18.448 5.700 37.839 20.453 25.085 18.298 20.813 15.038 16.984 10.357 15.311 9.539 14.413 14.946 19.495 14.570 4.995 1.635 1.188 18.435 28.279 32.770 41.870 39.370 20.202 27.154 29.203 19.418 25.624 21.026 7.835 21.581
-999.000 -999.000 -999.000 -999.000 -999.000 17.243 6.159 33.377 22.421 5.498 0.569 0.029 0.127 0.631 1.296 9.851 15.482 8.409 14.375 9.352 6.301 12.887 9.755 7.896 18.927 34.976 23.749 4.474 7.684 8.677 20.729 14.000 10.049 12.511 33.513 9.440 16.199 18.129 26.561 19.197 6.310 22.068 24.838 25.460 13.527 13.676 13.307 12.883 13.888 3.519 18.446 18.919 18.162 16.846 6.518 0.878 3.434 17.919 32.426 32.907 33.546 5.024 13.926 22.404 29.021 32.536 32.301 31.731 25.180 16.772 35.086
-999.000 -999.000 -999.000 -999.000 -999.000 8.210 12.489 30.204 30.650 17.508 12.413 0.328 0.221 1.031 1.335 3.631 2.950 13.575 20.875 21.027 9.644 23.555 21.460 15.169 17.632 10.723 13.836 8.808 17.272 9.009 23.250 16.764 30.235 7.991 37.017 12.971 20.719 23.663 18.429 16.402 25.207 7.802 19.591 13.565 10.922 13.372 15.392 5.555 15.593 17.868 19.252 13.957 10.472 3.879 0.847 16.030 19.667 12.512 24.816 22.619 25.692 19.999 40.199 29.722 33.360 32.088 30.581 28.394 28.427 12.879 33.755
-999.000 -999.000 -999.000 -999.000 11.242 13.389 9.581 19.742 26.844 17.310 16.895 0.696 0.323 0.671 1.442 5.865 5.781 4.075 18.186 15.297 8.317 24.612 27.586 22.897 17.755 8.278 31.398 26.822 10.898 21.242 6.328 24.205 36.356 22.584 37.703 9.202 25.570 23.950 18.034 5.101 17.226 18.578 15.205 11.804 8.863 8.726 15.085 11.342 17.091 18.509 7.131 0.568 3.764 6.946 15.141 28.470 19.452 13.503 19.399 10.977 30.089 25.729 8.253 22.470 20.947 16.028 22.470 17.412 28.420 27.076 30.148
-999.000 -999.000 -999.000 9.528 10.352 13.068 13.948 10.827 23.300 21.305 14.812 2.805 0.470 0.123 0.672 6.322 9.448 7.975 26.571 16.863 20.702 19.953 18.232 14.161 11.000 28.219 26.881 9.051 21.284 11.941 25.986 7.678 33.868 24.522 27.838 24.162 22.704 17.808 18.654 17.789 12.928 13.119 11.975 5.657 7.826 15.273 11.173 4.401 4.359 1.172 4.716 12.498 18.107 23.757 26.946 23.431 10.565 17.930 11.557 28.032 25.038 24.247 15.967 3.956 12.547 16.510 8.820 10.842 21.941 24.756 31.049
-999.000 -999.000 11.721 9.529 17.613 17.562 17.892 16.707 25.946 18.826 6.340 11.966 11.981 9.962 0.284 1.695 3.258 12.499 29.401 13.793 12.956 22.718 15.716 19.686 36.637 25.984 7.128 9.565 9.411 25.474 20.444 23.187 31.854 29.041 7.141 21.314 22.755 19.923 16.234 11.506 6.469 5.807 9.885 13.122 11.902 5.306 0.099 2.516 16.016 21.388 23.551 24.598 24.880 17.770 22.586 22.996 22.360 15.300 32.801 24.620 24.656 19.533 22.411 7.283 12.739 8.630 12.113 9.208 24.366 32.825 33.399
-999.000 -999.000 12.782 3.571 19.277 18.604 16.694 9.446 24.667 3.655 17.787 20.866 21.788 25.110 5.069 5.524 5.582 12.505 35.468 17.786 15.756 12.101 24.176 32.054 22.171 8.501 14.103 18.600 21.385 33.465 35.857 19.498 35.555 27.793 14.402 10.061 19.409 16.054 11.356 11.743 8.522 8.662 9.809 2.877 0.213 0.473 4.486 25.804 27.848 20.125 21.682 26.127 22.868 16.096 27.382 18.132 28.505 14.316 27.255 10.659 30.548 20.170 17.266 11.372 15.530 8.417 11.459 12.297 17.367 33.454 29.648
-999.000 -999.000 9.380 17.958 6.636 10.349 19.869 26.009 2.954 17.805 24.649 23.301 11.434 23.981 14.465 5.007 6.588 28.182 33.284 13.239 27.296 19.226 19.491 34.854 11.751 9.613 2.713 20.985 23.919 31.612 39.520 46.807 30.059 28.078 13.701 17.753 14.848 6.544 3.074 0.932 8.757 9.436 1.100 0.397 5.100 13.411 11.116 28.817 16.091 19.848 16.872 23.499 20.166 30.214 21.363 22.250 11.748 25.503 26.399 4.663 29.118 21.571 19.514 14.766 8.741 13.142 9.420 14.348 20.909 28.107 25.996
-999.000 9.886 7.431 5.842 13.403 7.532 18.182 15.976 14.416 22.950 21.758 16.519 22.913 17.630 14.806 10.114 13.120 33.914 17.057 24.755 25.612 27.775 27.645 31.627 2.476 23.801 21.752 24.804 18.299 22.308 18.286 17.533 24.668 27.931 16.188 13.252 0.388 0.346 0.666 1.034 0.872 4.271 12.895 20.242 23.163 14.478 12.587 29.884 18.870 11.659 16.571 22.293 10.608 24.941 15.068 29.354 14.046 22.426 23.063 18.702 20.873 19.387 10.447 19.348 10.942 12.361 6.997 10.959 16.364 19.505 26.131
-999.000 11.685 14.656 9.323 11.923 12.676 22.369 2.499 19.924 23.201 9.695 8.318 24.142 15.897 24.525 1.404 14.786 30.517 20.804 33.931 15.638 17.073 12.992 3.905 9.262 22.484 12.277 24.573 15.445 14.489 10.613 9.988 24.696 29.441 15.656 0.728 0.336 0.058 0.033 6.520 14.901 21.846 23.048 20.978 17.705 14.805 19.862 28.339 19.327 16.529 14.310 12.427 12.310 25.123 18.946 26.894 15.185 18.859 24.684 26.787 8.995 24.314 24.211 17.851 21.906 21.058 16.249 11.367 22.679 4.534 20.842
-999.000 11.792 4.443 9.273 12.798 20.825 16.548 19.403 9.069 24.450 8.832 22.329 8.831 21.000 36.983 14.353 5.900 31.877 28.264 33.432 22.246 12.387 8.559 9.012 8.311 12.842 21.212 17.876 5.814 15.485 6.303 20.827 5.052 4.831 2.124 0.186 4.964 14.744 22.811 17.639 22.449 23.504 22.037 19.824 16.736 19.943 24.956 25.417 18.179 15.480 20.676 24.269 17.500 10.792 6.710 17.139 7.018 18.315 24.367 25.236 5.371 27.624 29.325 4.410 15.449 16.668 11.188 14.811 29.536 25.124 17.365
-999.000 15.441 18.339 20.359 17.879 20.633 6.532 30.353 25.217 16.946 10.785 31.345 29.398 21.824 30.100 27.251 4.995 22.484 29.418 29.396 37.425 21.820 8.480 8.109 13.090 11.374 10.465 24.620 16.670 20.701 21.811 20.128 4.317 3.307 1.043 13.881 27.164 27.980 15.593 11.058 20.051 17.728 21.152 21.686 17.490 22.390 29.644 19.849 17.894 12.456 16.114 23.060 21.337 11.856 7.642 10.154 6.166 14.540 22.657 23.046 8.501 27.412 28.475 8.825 8.661 21.369 15.232 18.361 26.046 28.722 17.340
16.703 13.945 10.953 17.735 16.726 11.826 19.288 20.377 20.541 23.836 34.902 34.817 8.084 31.940 22.025 19.166 15.604 7.994 31.898 28.849 20.153 13.520 7.923 11.759 24.853 21.628 8.850 28.777 27.430 17.192 8.124 1.591 1.554 2.599 22.999 30.989 24.426 13.701 17.076 21.076 20.055 12.422 23.032 5.632 13.879 22.759 27.064 4.495 25.315 18.781 20.903 19.130 18.406 12.785 14.794 6.401 10.697 11.867 24.745 17.587 10.081 16.039 29.652 26.171 16.469 20.462 15.377 19.194 19.934 23.035 19.714
13.431 1.066 7.697 25.027 15.095 16.593 30.032 24.478 30.294 31.106 18.744 34.157 26.898 21.176 22.624 28.492 23.411 3.763 31.542 38.002 17.722 5.392 10.022 25.258 39.077 27.933 27.645 42.474 29.419 11.668 0.278 0.096 5.137 26.142 36.351 26.009 21.241 19.714 15.052 18.478 24.917 24.120 26.233 7.688 20.529 26.492 14.451 12.575 16.991 26.641 24.927 27.696 16.236 3.635 13.501 10.360 9.203 17.088 28.728 15.283 27.105 14.740 21.943 20.295 11.929 19.915 9.247 27.099 11.927 22.951 19.017
15.772 17.816 16.272 16.685 5.526 26.191 30.253 22.184 31.974 10.685 22.042 25.762 29.268 27.100 17.474 33.828 32.714 6.079 25.310 37.534 30.110 8.406 25.765 32.184 38.266 29.212 30.535 27.752 6.143 0.097 0.096 7.323 27.945 16.562 26.485 6.549 19.107 20.624 27.214 16.292 29.658 20.135 16.792 9.689 30.346 22.202 14.046 19.604 9.072 18.523 22.631 26.846 20.373 12.776 7.498 8.207 9.355 20.519 24.209 32.806 25.101 29.262 1.219 31.309 15.742 15.235 13.796 30.025 9.176 28.165 16.560
16.295 8.967 3.860 14.621 24.068 22.095 34.547 5.497 23.390 29.863 26.409 17.395 6.426 13.134 26.018 39.323 34.702 14.338 19.168 31.187 30.365 18.507 41.436 29.112 30.065 22.574 13.001 4.963 0.150 1.533 11.102 26.459 29.288 16.816 15.865 20.941 20.929 10.263 27.767 14.019 26.653 16.523 9.369 16.272 34.501 12.026 29.394 27.393 29.512 13.032 27.233 25.043 24.219 25.017 13.419 3.894 1.822 19.730 30.796 32.455 13.714 29.716 29.510 29.047 24.255 20.415 13.926 28.145 11.704 20.525 19.601
