doc/examples/input/surface-grids/zwischberg.dem
ncols  92
nrows  76
xllcorner 653400
yllcorner 112200
cellsize 25
NODATA_value -9999
[rows 0 to 37 of 76, columns 0 to 83 of 92]
1282 1298 1313 1328 1344 1363 1385 1403 1421 1436 1458 1475 1496 1518 1538 1558 1571 1576 1578 1577 1577 1592 1605 1618 1634 1654 1670 1676 1684 1701 1713 1724 1742 1765 1777 1792 1815 1836 1853 1870 1889 1908 1926 1937 1953 1970 1990 2011 2030 2048 2065 2084 2105 2119 2129 2141 2154 2162 2193 2216 2240 2258 2262 2264 2262 2263 2258 2256 2256 2279 2294 2299 2314 2336 2337 2338 2346 2361 2382 2396 2411 2437 2463 2481
1281 1291 1301 1325 1348 1374 1394 1411 1428 1446 1468 1485 1507 1529 1549 1570 1585 1600 1605 1607 1605 1598 1593 1600 1614 1634 1650 1659 1668 1683 1696 1706 1722 1744 1760 1792 1811 1826 1851 1870 1888 1909 1940 1954 1966 1979 1995 2015 2034 2051 2069 2088 2105 2126 2145 2162 2179 2188 2194 2217 2236 2266 2286 2292 2290 2291 2286 2284 2282 2294 2327 2330 2334 2353 2369 2368 2376 2388 2398 2413 2432 2445 2467 2490
1287 1308 1321 1342 1349 1371 1400 1420 1439 1456 1478 1497 1517 1538 1561 1581 1603 1621 1630 1639 1641 1634 1626 1611 1606 1616 1634 1640 1652 1668 1680 1697 1718 1745 1766 1780 1798 1829 1851 1871 1889 1909 1933 1955 1977 1996 2012 2031 2049 2066 2085 2103 2118 2138 2151 2165 2181 2200 2215 2233 2251 2268 2288 2308 2333 2334 2327 2322 2320 2313 2356 2360 2365 2369 2390 2399 2406 2411 2416 2429 2448 2472 2485 2495
1296 1320 1351 1371 1383 1385 1392 1399 1434 1458 1480 1503 1522 1544 1567 1589 1608 1634 1647 1658 1663 1661 1656 1649 1630 1633 1638 1639 1649 1675 1693 1703 1716 1734 1754 1778 1802 1826 1851 1875 1891 1909 1931 1951 1975 1993 2011 2035 2053 2066 2080 2095 2109 2125 2139 2154 2173 2193 2210 2225 2244 2271 2298 2310 2335 2353 2362 2364 2361 2341 2380 2394 2394 2401 2405 2422 2438 2439 2440 2451 2463 2481 2504 2516
1321 1343 1369 1395 1410 1410 1417 1419 1441 1479 1489 1489 1505 1532 1565 1586 1605 1630 1656 1673 1678 1680 1680 1672 1662 1677 1683 1680 1676 1685 1715 1737 1748 1760 1769 1776 1802 1827 1852 1873 1888 1907 1927 1943 1962 1984 2003 2025 2044 2057 2070 2083 2096 2110 2129 2149 2165 2180 2201 2222 2243 2265 2296 2316 2333 2347 2362 2380 2379 2371 2394 2419 2420 2432 2439 2440 2462 2471 2468 2480 2492 2495 2519 2540
1348 1370 1396 1424 1444 1450 1449 1462 1488 1506 1513 1514 1500 1536 1563 1597 1614 1642 1671 1687 1699 1701 1700 1698 1690 1699 1705 1709 1712 1722 1715 1744 1768 1788 1802 1805 1809 1826 1850 1869 1885 1900 1918 1937 1954 1974 1995 2020 2036 2046 2058 2071 2088 2103 2119 2137 2156 2175 2193 2214 2238 2263 2283 2303 2320 2334 2354 2376 2394 2396 2405 2426 2446 2457 2472 2474 2475 2498 2501 2498 2508 2508 2530 2552
1376 1398 1424 1453 1475 1489 1485 1496 1522 1535 1541 1548 1554 1549 1578 1589 1595 1642 1681 1697 1715 1723 1725 1723 1722 1723 1730 1736 1741 1744 1733 1739 1771 1789 1806 1821 1832 1840 1851 1869 1884 1896 1913 1931 1949 1972 1997 2009 2022 2034 2048 2063 2077 2092 2114 2136 2155 2179 2202 2217 2236 2259 2274 2289 2307 2326 2346 2366 2386 2405 2422 2442 2461 2482 2500 2505 2505 2511 2519 2521 2520 2523 2537 2547
1386 1420 1452 1481 1506 1518 1517 1515 1555 1566 1570 1575 1579 1586 1597 1599 1600 1653 1696 1715 1731 1740 1746 1745 1744 1750 1756 1762 1770 1766 1756 1736 1762 1781 1799 1817 1830 1842 1851 1863 1877 1894 1912 1930 1947 1963 1985 1997 2009 2024 2039 2054 2072 2092 2119 2138 2159 2171 2192 2209 2231 2247 2267 2283 2299 2316 2337 2363 2380 2395 2415 2435 2460 2484 2493 2494 2497 2502 2506 2509 2514 2519 2528 2537
1419 1446 1469 1489 1515 1538 1542 1548 1583 1602 1608 1615 1619 1627 1623 1638 1640 1680 1717 1738 1751 1760 1765 1767 1769 1773 1778 1784 1790 1787 1778 1763 1750 1766 1788 1805 1817 1826 1838 1857 1870 1888 1910 1929 1944 1958 1976 1987 2003 2020 2041 2058 2070 2086 2104 2126 2146 2163 2185 2203 2219 2239 2254 2279 2302 2323 2337 2353 2377 2398 2417 2441 2464 2475 2479 2482 2485 2489 2494 2497 2502 2508 2517 2525
1462 1485 1503 1512 1553 1579 1585 1589 1600 1617 1633 1637 1642 1648 1653 1664 1673 1685 1717 1766 1775 1779 1784 1788 1791 1797 1801 1804 1808 1808 1801 1787 1766 1763 1775 1786 1799 1810 1833 1858 1878 1894 1900 1922 1938 1953 1968 1986 2003 2021 2044 2063 2086 2101 2111 2122 2142 2159 2178 2194 2217 2240 2262 2279 2293 2311 2334 2354 2378 2400 2427 2449 2461 2465 2468 2470 2473 2477 2481 2485 2490 2497 2505 2514
1482 1498 1515 1538 1576 1607 1634 1643 1644 1645 1652 1658 1662 1672 1680 1693 1702 1698 1697 1782 1796 1803 1807 1810 1811 1811 1818 1822 1826 1825 1819 1804 1784 1784 1783 1793 1797 1807 1824 1854 1879 1905 1921 1925 1940 1953 1963 1981 1997 2017 2039 2058 2082 2103 2124 2142 2147 2162 2182 2197 2216 2234 2252 2273 2293 2316 2343 2363 2381 2398 2426 2443 2449 2452 2455 2458 2461 2465 2468 2473 2479 2485 2493 2500
1483 1502 1527 1547 1581 1617 1647 1664 1674 1667 1670 1677 1685 1694 1700 1720 1725 1726 1708 1741 1822 1826 1828 1831 1832 1829 1838 1842 1844 1839 1832 1821 1809 1817 1812 1802 1817 1820 1817 1844 1873 1896 1914 1925 1938 1951 1963 1979 1993 2009 2031 2057 2077 2093 2118 2139 2152 2168 2190 2210 2228 2246 2263 2279 2300 2320 2335 2350 2372 2399 2421 2430 2435 2438 2441 2444 2447 2451 2456 2462 2467 2472 2479 2486
1497 1518 1541 1566 1584 1614 1653 1683 1700 1701 1697 1695 1705 1721 1728 1742 1756 1746 1745 1748 1814 1848 1851 1852 1852 1847 1854 1857 1858 1854 1846 1835 1836 1838 1841 1833 1835 1842 1839 1838 1861 1884 1901 1916 1928 1943 1963 1976 1990 2007 2029 2051 2072 2093 2114 2132 2147 2166 2184 2201 2219 2238 2257 2277 2293 2308 2328 2347 2370 2394 2414 2417 2420 2423 2426 2429 2432 2437 2442 2449 2454 2460 2467 2473
1503 1526 1550 1572 1589 1612 1642 1685 1705 1727 1735 1728 1726 1745 1757 1768 1778 1781 1771 1783 1795 1834 1877 1880 1877 1869 1870 1874 1874 1870 1863 1856 1856 1858 1862 1863 1852 1862 1870 1870 1868 1874 1889 1904 1921 1938 1954 1975 1991 2004 2026 2049 2070 2091 2109 2123 2139 2159 2180 2201 2221 2238 2251 2268 2290 2311 2333 2355 2381 2396 2401 2404 2407 2410 2413 2415 2418 2422 2427 2434 2441 2448 2454 2461
1503 1528 1551 1573 1601 1630 1660 1685 1713 1739 1759 1765 1751 1772 1781 1791 1799 1806 1806 1805 1802 1813 1859 1900 1902 1894 1889 1891 1890 1884 1878 1873 1874 1875 1877 1878 1872 1884 1891 1893 1897 1898 1901 1910 1934 1955 1972 1983 1994 2010 2029 2041 2065 2085 2102 2118 2136 2158 2179 2197 2213 2228 2248 2267 2288 2306 2332 2361 2381 2385 2389 2391 2394 2397 2400 2403 2406 2409 2413 2418 2426 2433 2440 2447
1502 1524 1549 1572 1595 1624 1658 1687 1715 1740 1770 1787 1781 1806 1814 1816 1825 1834 1836 1843 1837 1842 1871 1891 1922 1920 1913 1909 1904 1899 1895 1893 1892 1891 1891 1892 1889 1895 1905 1912 1917 1921 1927 1930 1944 1965 1981 1996 2009 2027 2035 2055 2069 2080 2099 2117 2135 2154 2171 2191 2216 2233 2250 2267 2285 2307 2332 2361 2367 2371 2374 2377 2380 2383 2386 2388 2391 2395 2400 2405 2411 2418 2425 2432
1485 1508 1542 1561 1584 1611 1636 1671 1709 1726 1761 1795 1817 1832 1839 1849 1863 1855 1857 1873 1876 1881 1888 1899 1922 1938 1941 1933 1919 1915 1913 1911 1910 1909 1908 1907 1906 1909 1919 1927 1932 1937 1946 1950 1957 1974 1990 2007 2026 2045 2057 2070 2087 2098 2104 2119 2139 2160 2179 2198 2220 2240 2261 2277 2296 2312 2333 2350 2352 2355 2358 2360 2363 2366 2369 2372 2375 2379 2384 2390 2397 2404 2411 2416
1522 1527 1540 1551 1571 1593 1617 1649 1681 1708 1740 1779 1810 1829 1854 1863 1879 1876 1889 1896 1898 1900 1903 1909 1922 1944 1955 1954 1944 1939 1934 1929 1929 1930 1929 1926 1925 1926 1933 1941 1947 1953 1959 1965 1973 1986 2002 2020 2040 2061 2078 2083 2102 2119 2128 2139 2143 2157 2176 2195 2216 2238 2258 2276 2298 2319 2327 2334 2338 2341 2343 2346 2349 2351 2354 2356 2358 2362 2368 2374 2382 2390 2398 2403
1540 1563 1578 1581 1578 1582 1600 1626 1658 1687 1719 1756 1787 1808 1836 1870 1891 1898 1911 1927 1940 1943 1944 1938 1945 1960 1975 1974 1961 1957 1952 1948 1947 1949 1951 1950 1950 1949 1951 1957 1968 1971 1979 1989 1997 2007 2026 2036 2046 2066 2084 2097 2109 2136 2151 2158 2164 2174 2186 2199 2217 2238 2259 2283 2304 2312 2316 2319 2322 2325 2328 2331 2334 2337 2340 2342 2345 2347 2353 2360 2367 2375 2383 2389
1562 1579 1597 1610 1622 1621 1635 1649 1661 1674 1699 1724 1759 1788 1823 1862 1897 1917 1928 1944 1965 1980 1976 1968 1961 1981 1996 1992 1980 1975 1972 1969 1968 1968 1972 1974 1974 1973 1973 1983 1994 2004 2014 2023 2026 2035 2048 2056 2064 2075 2092 2111 2127 2145 2160 2177 2187 2197 2211 2220 2232 2245 2260 2283 2293 2299 2302 2305 2307 2310 2313 2315 2318 2321 2324 2327 2330 2333 2339 2345 2352 2361 2369 2374
1569 1580 1604 1625 1646 1655 1674 1695 1700 1698 1698 1705 1742 1777 1816 1850 1885 1910 1927 1950 1969 1982 1991 1994 1991 1994 2006 2007 2003 1995 1994 1994 1994 1994 1994 1995 1995 1995 1999 2003 2010 2022 2033 2042 2048 2054 2068 2079 2086 2096 2102 2115 2137 2157 2176 2199 2218 2235 2241 2244 2249 2261 2267 2272 2277 2281 2284 2288 2291 2294 2298 2301 2304 2307 2310 2312 2314 2318 2324 2331 2338 2346 2354 2357
1584 1602 1612 1623 1643 1665 1685 1722 1741 1758 1753 1741 1729 1760 1804 1837 1868 1901 1918 1945 1960 1973 1989 1998 2010 2016 2021 2020 2018 2017 2015 2014 2015 2015 2016 2017 2015 2016 2018 2020 2029 2038 2047 2058 2067 2075 2086 2097 2108 2115 2124 2139 2151 2168 2185 2205 2227 2236 2239 2241 2248 2251 2255 2259 2262 2265 2267 2270 2273 2276 2280 2284 2287 2291 2294 2295 2298 2304 2310 2316 2324 2332 2338 2342
1596 1617 1634 1651 1668 1680 1687 1704 1731 1767 1794 1803 1782 1778 1783 1804 1841 1880 1908 1929 1948 1963 1980 1995 2005 2011 2020 2026 2026 2027 2029 2032 2034 2035 2037 2040 2036 2036 2038 2041 2049 2056 2064 2078 2092 2097 2106 2118 2130 2141 2151 2172 2182 2194 2199 2217 2221 2224 2227 2230 2233 2237 2241 2245 2247 2249 2252 2255 2257 2260 2264 2267 2271 2274 2276 2277 2282 2289 2295 2302 2310 2318 2325 2327
1608 1627 1649 1668 1689 1706 1719 1724 1733 1762 1791 1813 1825 1826 1830 1820 1841 1879 1899 1914 1936 1953 1975 1989 1997 2005 2015 2023 2028 2032 2038 2041 2043 2045 2047 2050 2056 2057 2052 2053 2064 2073 2083 2095 2108 2124 2134 2146 2157 2162 2177 2188 2195 2198 2201 2204 2207 2210 2213 2217 2220 2223 2227 2229 2231 2233 2235 2238 2240 2244 2248 2252 2255 2258 2260 2262 2267 2274 2281 2289 2297 2306 2311 2312
1599 1631 1662 1685 1697 1724 1739 1752 1763 1772 1786 1822 1838 1859 1872 1877 1880 1886 1893 1901 1924 1949 1970 1979 1986 1994 2003 2020 2023 2026 2033 2040 2043 2046 2050 2056 2060 2067 2067 2063 2072 2085 2097 2108 2122 2139 2150 2155 2161 2165 2171 2176 2180 2183 2186 2189 2193 2196 2199 2202 2205 2209 2212 2214 2215 2216 2218 2221 2225 2229 2233 2237 2241 2242 2244 2248 2254 2261 2267 2275 2283 2292 2296 2297
1631 1653 1674 1696 1698 1726 1752 1770 1788 1806 1816 1826 1837 1863 1887 1896 1899 1906 1912 1922 1930 1945 1958 1967 1973 1979 1989 1999 2009 2020 2025 2030 2034 2038 2043 2046 2055 2062 2069 2076 2077 2090 2101 2113 2123 2131 2137 2143 2149 2152 2156 2161 2165 2167 2171 2174 2178 2181 2185 2188 2190 2194 2197 2198 2199 2201 2204 2207 2211 2215 2219 2223 2225 2227 2229 2235 2242 2248 2255 2262 2270 2278 2279 2281
1666 1685 1703 1723 1730 1729 1764 1774 1794 1821 1841 1850 1858 1869 1883 1892 1893 1895 1902 1912 1921 1932 1942 1953 1960 1965 1973 1982 1990 2000 2008 2016 2020 2024 2030 2034 2039 2046 2055 2062 2073 2082 2091 2100 2110 2119 2124 2129 2135 2139 2142 2146 2149 2152 2155 2159 2162 2166 2169 2172 2175 2178 2181 2184 2185 2187 2190 2194 2197 2202 2206 2209 2212 2213 2217 2224 2230 2237 2244 2251 2257 2263 2265 2265
1688 1695 1717 1758 1768 1767 1777 1795 1804 1825 1844 1854 1861 1863 1868 1877 1880 1884 1891 1899 1907 1915 1926 1935 1941 1946 1957 1965 1974 1982 1989 1997 2004 2010 2014 2018 2023 2031 2038 2047 2055 2062 2075 2085 2094 2099 2106 2113 2120 2123 2126 2129 2133 2136 2140 2144 2148 2150 2153 2156 2159 2162 2165 2168 2171 2173 2177 2181 2184 2187 2192 2196 2198 2200 2206 2212 2219 2225 2232 2239 2246 2252 2252 2252
1715 1732 1757 1776 1786 1795 1801 1811 1819 1826 1834 1842 1848 1853 1858 1862 1866 1870 1877 1884 1892 1901 1911 1919 1924 1930 1939 1949 1957 1966 1972 1979 1986 1993 1998 2002 2007 2015 2024 2033 2042 2049 2061 2071 2080 2085 2090 2096 2101 2105 2109 2112 2115 2119 2123 2128 2132 2135 2138 2141 2144 2147 2150 2153 2155 2158 2160 2163 2168 2173 2177 2184 2186 2189 2194 2200 2206 2212 2219 2229 2237 2246 2243 2240
1725 1743 1759 1769 1777 1784 1795 1801 1805 1813 1820 1827 1833 1838 1843 1848 1852 1857 1863 1870 1877 1887 1895 1903 1911 1917 1925 1933 1941 1949 1956 1963 1969 1975 1981 1985 1990 1997 2006 2016 2025 2035 2047 2055 2062 2070 2075 2080 2086 2089 2092 2095 2099 2102 2106 2110 2114 2118 2121 2125 2129 2132 2135 2138 2142 2145 2148 2151 2154 2158 2164 2169 2172 2176 2180 2183 2192 2200 2212 2224 2233 2242 2237 2231
1728 1744 1751 1757 1764 1772 1780 1787 1792 1799 1806 1813 1818 1823 1829 1834 1837 1841 1849 1857 1864 1873 1881 1890 1899 1905 1910 1917 1925 1932 1941 1947 1953 1959 1965 1969 1974 1981 1990 1999 2008 2020 2032 2039 2046 2054 2059 2063 2068 2073 2077 2080 2084 2087 2090 2093 2096 2099 2103 2109 2112 2116 2120 2122 2126 2130 2134 2138 2141 2145 2150 2153 2156 2160 2162 2167 2178 2192 2209 2222 2232 2237 2228 2223
1731 1740 1741 1745 1751 1757 1765 1772 1779 1785 1792 1798 1805 1810 1814 1820 1823 1830 1837 1843 1851 1860 1869 1875 1881 1889 1896 1903 1911 1917 1923 1930 1937 1943 1949 1954 1959 1966 1974 1983 1992 2004 2016 2024 2032 2038 2043 2048 2052 2056 2060 2064 2067 2071 2075 2078 2082 2087 2091 2093 2097 2100 2104 2107 2111 2114 2117 2123 2126 2129 2134 2136 2139 2142 2148 2158 2174 2192 2208 2221 2229 2226 2218 2213
1721 1725 1728 1732 1738 1744 1751 1758 1766 1773 1778 1784 1791 1795 1800 1806 1812 1820 1826 1832 1839 1847 1856 1863 1869 1875 1880 1888 1897 1904 1909 1915 1923 1929 1934 1940 1946 1951 1959 1968 1978 1990 1999 2007 2016 2024 2028 2033 2037 2041 2044 2048 2052 2055 2058 2062 2066 2070 2075 2079 2083 2086 2088 2092 2096 2099 2103 2108 2109 2113 2116 2118 2121 2128 2144 2158 2175 2194 2209 2219 2223 2216 2210 2204
1709 1709 1712 1719 1727 1733 1740 1746 1754 1760 1766 1772 1777 1781 1787 1794 1802 1808 1815 1822 1829 1835 1842 1850 1858 1864 1868 1874 1880 1889 1895 1900 1908 1916 1921 1926 1932 1937 1944 1953 1965 1976 1985 1993 1999 2006 2013 2018 2022 2025 2029 2032 2036 2040 2044 2047 2051 2055 2059 2063 2067 2070 2073 2076 2082 2085 2089 2092 2093 2097 2101 2103 2113 2128 2145 2160 2185 2200 2212 2217 2216 2207 2203 2197
1694 1694 1696 1704 1715 1719 1723 1735 1743 1749 1754 1761 1766 1770 1776 1784 1791 1796 1802 1810 1817 1824 1830 1837 1844 1849 1855 1862 1871 1876 1881 1889 1895 1902 1907 1912 1917 1924 1931 1941 1953 1963 1972 1980 1985 1990 1996 2000 2005 2009 2013 2017 2021 2025 2029 2032 2036 2040 2044 2047 2050 2054 2058 2062 2067 2069 2074 2076 2079 2082 2086 2100 2114 2131 2149 2175 2191 2205 2212 2215 2208 2200 2195 2190
1676 1678 1682 1687 1697 1703 1711 1723 1731 1737 1743 1749 1755 1760 1767 1774 1779 1785 1791 1797 1805 1812 1819 1826 1833 1840 1846 1854 1862 1868 1873 1877 1882 1888 1895 1900 1907 1913 1921 1930 1938 1948 1957 1965 1970 1975 1980 1985 1989 1993 1997 2000 2004 2009 2013 2017 2021 2024 2028 2031 2035 2039 2043 2047 2051 2052 2057 2058 2058 2074 2088 2104 2119 2137 2159 2179 2194 2205 2211 2212 2202 2195 2188 2182
1657 1661 1665 1672 1679 1687 1699 1713 1718 1723 1729 1736 1741 1748 1755 1763 1769 1775 1781 1788 1795 1800 1808 1817 1823 1831 1837 1844 1851 1857 1862 1867 1871 1877 1884 1890 1897 1904 1910 1919 1926 1933 1941 1949 1955 1960 1966 1970 1975 1980 1983 1986 1990 1993 1997 2000 2004 2008 2012 2016 2020 2024 2028 2032 2032 2035 2037 2049 2064 2081 2094 2108 2122 2145 2167 2182 2193 2198 2204 2205 2196 2187 2184 2176
1642 1647 1651 1659 1668 1681 1696 1704 1709 1712 1716 1721 1728 1733 1738 1748 1759 1767 1773 1780 1786 1794 1801 1809 1815 1821 1828 1834 1838 1844 1850 1857 1862 1868 1874 1881 1888 1894 1901 1908 1914 1920 1927 1934 1939 1945 1951 1956 1960 1964 1968 1972 1975 1979 1983 1986 1988 1992 1996 1999 2002 2006 2010 2014 2014 2028 2043 2057 2070 2082 2098 2114 2131 2149 2171 2183 2187 2191 2194 2191 2187 2179 2174 2171
