doc/examples/input/surface-grids/zwischberg.dem
ncols  92
nrows  76
xllcorner 653400
yllcorner 112200
cellsize 25
NODATA_value -9999
[rows 38 to 75 of 76, columns 0 to 83 of 92]
1626 1632 1643 1652 1666 1677 1687 1694 1699 1703 1705 1711 1716 1722 1728 1738 1748 1758 1763 1770 1777 1782 1791 1801 1808 1813 1819 1825 1830 1834 1839 1845 1852 1859 1865 1872 1878 1885 1891 1897 1902 1908 1914 1921 1927 1932 1936 1940 1944 1948 1953 1956 1959 1963 1966 1969 1973 1976 1980 1985 1987 1994 1997 2008 2022 2034 2049 2066 2081 2092 2106 2122 2139 2152 2166 2175 2180 2182 2180 2177 2175 2169 2165 2161
1605 1621 1637 1648 1658 1668 1675 1679 1686 1690 1694 1699 1705 1711 1718 1728 1739 1746 1752 1760 1768 1773 1781 1790 1800 1805 1811 1818 1825 1830 1834 1837 1842 1850 1855 1861 1868 1874 1881 1886 1892 1897 1903 1909 1912 1917 1922 1925 1928 1932 1935 1940 1944 1947 1949 1953 1957 1960 1965 1978 1987 1997 2004 2019 2031 2043 2059 2077 2090 2103 2118 2131 2141 2155 2163 2165 2167 2170 2168 2164 2161 2157 2151 2149
1604 1613 1627 1638 1651 1662 1664 1669 1673 1676 1682 1687 1694 1701 1709 1718 1731 1737 1743 1750 1760 1767 1774 1780 1788 1797 1804 1812 1820 1825 1829 1832 1836 1842 1850 1855 1858 1863 1868 1874 1880 1885 1888 1894 1898 1902 1906 1909 1912 1916 1920 1922 1925 1930 1940 1951 1959 1967 1976 1986 1995 2005 2016 2031 2041 2055 2070 2083 2095 2110 2125 2140 2143 2153 2154 2155 2157 2157 2155 2151 2147 2142 2137 2135
1616 1610 1617 1632 1645 1651 1652 1658 1661 1663 1667 1672 1683 1691 1699 1711 1723 1731 1735 1741 1750 1760 1767 1776 1784 1790 1798 1807 1816 1821 1824 1826 1831 1839 1845 1846 1847 1852 1857 1862 1867 1870 1874 1877 1881 1885 1889 1892 1899 1900 1907 1920 1930 1939 1950 1960 1972 1982 1992 2000 2009 2021 2035 2043 2056 2070 2083 2092 2101 2114 2125 2137 2144 2145 2147 2148 2149 2145 2141 2138 2135 2132 2129 2126
1632 1633 1617 1621 1632 1636 1638 1639 1640 1645 1651 1660 1673 1686 1698 1707 1715 1724 1729 1735 1742 1751 1758 1765 1775 1786 1797 1804 1808 1814 1818 1821 1830 1835 1835 1835 1836 1840 1842 1846 1851 1854 1858 1861 1864 1868 1876 1883 1894 1904 1919 1929 1942 1950 1958 1970 1983 1997 2010 2019 2029 2041 2051 2061 2068 2080 2090 2099 2107 2114 2121 2130 2136 2138 2140 2141 2138 2134 2130 2128 2126 2123 2120 2116
1647 1652 1650 1630 1627 1638 1644 1649 1655 1661 1662 1654 1676 1686 1694 1703 1711 1718 1724 1729 1735 1742 1749 1755 1764 1774 1786 1797 1801 1807 1814 1821 1821 1820 1820 1821 1823 1826 1828 1832 1835 1838 1840 1844 1856 1868 1884 1897 1905 1915 1928 1938 1948 1958 1971 1985 1996 2013 2027 2036 2045 2052 2061 2070 2078 2086 2094 2102 2109 2112 2115 2118 2122 2125 2126 2126 2126 2123 2119 2115 2114 2110 2105 2104
1659 1665 1666 1663 1645 1656 1664 1665 1668 1672 1670 1664 1660 1679 1688 1696 1704 1711 1717 1723 1730 1736 1741 1748 1756 1767 1778 1787 1794 1801 1809 1807 1805 1804 1804 1804 1807 1810 1816 1820 1820 1829 1843 1854 1867 1880 1891 1905 1915 1925 1935 1947 1957 1966 1979 1991 2004 2021 2035 2046 2054 2062 2070 2079 2085 2092 2100 2102 2105 2107 2106 2106 2108 2111 2113 2113 2112 2108 2107 2102 2098 2096 2093 2090
1668 1674 1678 1677 1672 1669 1674 1677 1680 1681 1679 1676 1674 1669 1681 1689 1696 1704 1711 1719 1726 1731 1736 1741 1751 1759 1768 1777 1784 1791 1796 1789 1787 1786 1786 1788 1796 1802 1807 1815 1822 1841 1854 1867 1880 1890 1901 1914 1926 1937 1944 1956 1968 1977 1991 2000 2015 2030 2044 2054 2063 2073 2081 2089 2094 2099 2103 2103 2100 2099 2096 2094 2094 2096 2098 2101 2098 2096 2095 2091 2088 2083 2080 2078
1677 1682 1686 1690 1687 1686 1685 1688 1690 1689 1687 1687 1686 1684 1680 1681 1689 1697 1705 1714 1722 1727 1732 1737 1744 1752 1759 1767 1773 1779 1778 1770 1772 1773 1782 1794 1807 1815 1818 1824 1833 1848 1862 1877 1889 1900 1915 1926 1940 1948 1955 1970 1983 1994 2005 2015 2029 2044 2054 2063 2074 2085 2094 2100 2104 2107 2107 2102 2096 2093 2089 2084 2081 2079 2081 2085 2089 2087 2084 2080 2078 2075 2071 2068
1689 1692 1693 1696 1698 1700 1697 1698 1697 1697 1697 1695 1694 1692 1688 1683 1683 1691 1700 1708 1716 1723 1728 1734 1739 1746 1754 1758 1763 1764 1759 1758 1766 1779 1788 1802 1816 1828 1835 1843 1849 1858 1873 1887 1896 1912 1928 1937 1951 1958 1972 1991 1998 2009 2022 2033 2045 2059 2069 2078 2088 2099 2108 2115 2118 2113 2109 2102 2096 2090 2083 2079 2074 2072 2072 2075 2077 2079 2078 2076 2072 2068 2063 2060
1699 1702 1704 1705 1708 1709 1708 1708 1708 1707 1706 1705 1702 1700 1697 1694 1690 1687 1694 1701 1711 1719 1725 1731 1737 1743 1749 1753 1754 1749 1750 1762 1775 1786 1798 1811 1824 1835 1842 1852 1862 1868 1881 1895 1907 1921 1936 1949 1963 1980 1990 2007 2016 2025 2037 2048 2062 2076 2085 2095 2105 2114 2123 2131 2133 2124 2114 2105 2097 2091 2086 2082 2073 2072 2072 2073 2075 2077 2075 2073 2071 2067 2060 2058
1709 1713 1715 1716 1718 1719 1720 1721 1719 1718 1717 1716 1715 1712 1709 1704 1698 1692 1692 1698 1706 1715 1722 1728 1734 1738 1743 1745 1740 1743 1756 1763 1774 1782 1795 1807 1818 1830 1841 1851 1862 1874 1887 1899 1911 1924 1937 1951 1965 1982 1997 2013 2029 2043 2057 2064 2074 2091 2100 2111 2121 2131 2139 2145 2143 2135 2121 2108 2098 2094 2089 2085 2079 2072 2072 2075 2077 2077 2075 2074 2071 2067 2063 2060
1719 1726 1728 1730 1731 1734 1734 1734 1730 1728 1726 1726 1725 1723 1720 1713 1708 1697 1692 1696 1703 1710 1717 1724 1728 1732 1740 1738 1737 1743 1756 1765 1772 1778 1788 1798 1810 1821 1833 1845 1858 1873 1885 1896 1908 1920 1933 1946 1961 1977 1996 2012 2030 2050 2068 2083 2094 2105 2117 2129 2139 2146 2151 2157 2153 2144 2134 2117 2103 2096 2091 2087 2081 2072 2073 2077 2080 2078 2076 2074 2071 2068 2064 2060
1734 1739 1744 1745 1746 1749 1749 1747 1741 1737 1736 1735 1732 1731 1729 1723 1717 1705 1697 1696 1699 1700 1709 1717 1722 1727 1732 1729 1735 1744 1755 1764 1770 1776 1782 1792 1803 1815 1828 1842 1855 1867 1879 1889 1899 1911 1926 1940 1954 1971 1991 2011 2032 2052 2073 2092 2107 2113 2122 2136 2150 2161 2163 2164 2158 2150 2143 2128 2113 2099 2094 2088 2082 2073 2072 2075 2079 2079 2073 2070 2068 2066 2064 2059
1750 1754 1758 1760 1761 1762 1762 1762 1759 1754 1750 1747 1740 1739 1738 1733 1727 1717 1706 1700 1703 1704 1703 1709 1716 1722 1723 1727 1736 1746 1756 1762 1768 1774 1780 1789 1799 1811 1824 1836 1848 1859 1870 1881 1893 1907 1922 1938 1953 1970 1989 2010 2031 2052 2073 2092 2110 2120 2125 2136 2150 2164 2170 2170 2161 2158 2150 2137 2122 2105 2096 2090 2084 2079 2074 2072 2075 2074 2070 2064 2063 2061 2060 2058
1763 1769 1773 1774 1775 1775 1776 1776 1773 1769 1766 1760 1753 1751 1747 1743 1736 1727 1720 1713 1713 1710 1709 1708 1709 1713 1719 1728 1738 1746 1753 1760 1766 1772 1779 1788 1798 1809 1819 1830 1842 1853 1865 1879 1892 1906 1922 1937 1952 1969 1987 2006 2028 2049 2068 2086 2103 2122 2131 2138 2150 2165 2175 2176 2168 2163 2153 2142 2127 2111 2098 2092 2085 2079 2076 2072 2071 2069 2065 2060 2055 2052 2050 2047
1776 1783 1786 1788 1789 1789 1789 1788 1785 1780 1776 1771 1765 1761 1757 1752 1746 1739 1731 1725 1720 1717 1714 1714 1714 1713 1720 1725 1735 1744 1751 1757 1764 1771 1779 1788 1797 1806 1816 1828 1839 1851 1864 1879 1891 1905 1921 1936 1952 1968 1984 2002 2022 2044 2063 2083 2104 2122 2133 2143 2154 2165 2180 2180 2172 2166 2157 2146 2133 2116 2100 2092 2084 2079 2075 2072 2068 2062 2057 2052 2046 2042 2038 2036
1792 1798 1801 1802 1802 1802 1801 1799 1797 1790 1786 1781 1776 1772 1767 1761 1755 1748 1741 1735 1730 1725 1720 1720 1721 1719 1719 1718 1730 1742 1749 1756 1763 1770 1778 1786 1795 1803 1813 1823 1836 1849 1862 1877 1890 1902 1919 1934 1950 1966 1982 2000 2027 2050 2074 2094 2119 2128 2135 2144 2154 2168 2182 2181 2176 2171 2163 2152 2137 2119 2104 2094 2087 2079 2076 2069 2061 2052 2047 2042 2038 2034 2030 2027
1808 1811 1812 1813 1814 1814 1811 1810 1805 1800 1796 1792 1787 1782 1777 1771 1764 1757 1750 1743 1741 1736 1731 1730 1728 1727 1725 1720 1727 1738 1746 1753 1761 1768 1775 1782 1791 1799 1810 1821 1835 1847 1859 1874 1887 1898 1913 1931 1945 1962 1980 2000 2022 2047 2073 2095 2111 2129 2143 2150 2159 2173 2186 2186 2182 2174 2165 2153 2138 2121 2106 2095 2088 2081 2073 2065 2056 2047 2038 2034 2030 2026 2022 2020
1821 1822 1822 1823 1824 1824 1822 1819 1814 1810 1806 1801 1797 1792 1786 1780 1773 1765 1758 1750 1746 1744 1741 1738 1735 1733 1730 1727 1726 1734 1742 1751 1760 1767 1774 1782 1790 1798 1808 1819 1831 1843 1856 1869 1883 1895 1910 1926 1943 1961 1979 1999 2027 2047 2071 2092 2115 2136 2149 2159 2169 2182 2192 2190 2183 2173 2163 2151 2136 2120 2105 2094 2086 2080 2072 2063 2054 2045 2036 2028 2024 2019 2016 2014
1832 1832 1832 1832 1833 1832 1830 1827 1822 1817 1812 1808 1805 1801 1794 1787 1779 1772 1766 1758 1753 1749 1747 1745 1741 1739 1737 1736 1728 1736 1746 1754 1762 1769 1777 1783 1789 1797 1806 1816 1826 1838 1851 1864 1879 1891 1906 1924 1941 1958 1979 1999 2023 2046 2072 2088 2105 2128 2150 2171 2180 2191 2200 2195 2183 2168 2155 2145 2133 2120 2105 2094 2085 2075 2068 2060 2053 2043 2034 2026 2019 2015 2012 2009
1841 1844 1843 1842 1843 1841 1839 1836 1833 1825 1818 1814 1810 1805 1800 1793 1786 1779 1773 1765 1758 1756 1754 1751 1747 1745 1744 1744 1738 1734 1746 1758 1765 1773 1781 1787 1792 1799 1806 1815 1825 1835 1848 1861 1876 1890 1905 1922 1939 1955 1974 1998 2018 2043 2060 2080 2106 2128 2149 2176 2198 2200 2200 2190 2176 2160 2147 2136 2126 2116 2103 2092 2083 2074 2064 2056 2050 2042 2034 2024 2017 2013 2009 2007
1852 1854 1855 1853 1854 1853 1850 1847 1844 1836 1827 1819 1814 1810 1806 1801 1794 1787 1781 1773 1765 1764 1761 1757 1754 1752 1752 1750 1745 1736 1747 1760 1769 1776 1783 1790 1796 1801 1807 1815 1825 1835 1847 1862 1876 1890 1906 1922 1938 1954 1972 1997 2015 2033 2056 2087 2112 2124 2144 2167 2192 2201 2194 2183 2167 2151 2138 2126 2117 2107 2096 2087 2078 2070 2063 2055 2048 2040 2030 2021 2015 2011 2008 2005
1866 1870 1868 1868 1869 1869 1863 1858 1854 1845 1836 1827 1819 1816 1811 1806 1800 1794 1787 1781 1775 1772 1768 1764 1761 1760 1759 1756 1749 1738 1748 1761 1769 1778 1785 1791 1798 1804 1810 1816 1825 1837 1849 1862 1878 1892 1907 1922 1938 1954 1971 1988 2009 2038 2068 2084 2098 2111 2131 2154 2184 2194 2185 2174 2158 2142 2130 2118 2110 2102 2090 2080 2072 2064 2059 2054 2048 2041 2030 2017 2012 2009 2006 2003
1886 1888 1888 1887 1890 1890 1890 1879 1867 1856 1845 1836 1829 1823 1817 1814 1810 1801 1795 1791 1785 1780 1777 1775 1772 1769 1768 1766 1758 1749 1744 1757 1767 1776 1784 1791 1798 1805 1812 1820 1829 1838 1850 1863 1878 1892 1906 1922 1938 1954 1970 1987 2007 2033 2053 2068 2090 2108 2131 2152 2182 2188 2175 2163 2152 2140 2124 2115 2108 2100 2089 2077 2069 2061 2058 2052 2046 2040 2026 2015 2009 2006 2004 2002
1900 1906 1912 1913 1916 1915 1909 1903 1888 1873 1861 1851 1842 1837 1832 1830 1824 1816 1808 1803 1798 1793 1793 1791 1785 1779 1778 1776 1770 1765 1761 1749 1763 1772 1782 1788 1797 1805 1812 1819 1828 1838 1850 1863 1878 1891 1906 1922 1937 1953 1969 1986 2005 2025 2044 2064 2089 2112 2137 2153 2182 2180 2168 2158 2150 2140 2124 2110 2102 2096 2084 2077 2069 2060 2056 2050 2044 2036 2026 2017 2011 2008 2005 2003
1911 1919 1925 1928 1929 1927 1921 1913 1907 1899 1883 1872 1861 1859 1856 1849 1843 1834 1826 1819 1813 1813 1812 1807 1799 1794 1792 1787 1782 1776 1769 1764 1755 1767 1778 1788 1797 1805 1812 1819 1828 1838 1849 1863 1878 1891 1904 1920 1936 1952 1967 1983 2002 2026 2044 2066 2094 2120 2147 2163 2179 2172 2160 2154 2149 2140 2124 2107 2096 2090 2082 2075 2070 2063 2056 2047 2041 2036 2029 2022 2014 2009 2007 2005
1918 1926 1931 1936 1939 1938 1933 1926 1919 1911 1902 1889 1881 1876 1873 1868 1861 1852 1843 1834 1835 1836 1831 1823 1815 1809 1801 1796 1791 1784 1777 1775 1766 1762 1775 1785 1795 1804 1811 1818 1828 1837 1849 1861 1876 1889 1902 1918 1934 1950 1966 1980 2003 2034 2062 2083 2109 2129 2151 2168 2171 2164 2158 2150 2145 2138 2119 2103 2092 2084 2078 2070 2065 2061 2056 2048 2039 2033 2028 2022 2014 2010 2008 2008
1922 1933 1939 1946 1951 1953 1948 1940 1933 1924 1917 1906 1900 1893 1891 1887 1883 1877 1867 1857 1852 1850 1846 1841 1833 1823 1815 1807 1799 1793 1789 1784 1778 1766 1771 1781 1791 1801 1808 1815 1824 1835 1846 1858 1874 1888 1901 1918 1934 1950 1967 1981 2002 2030 2052 2083 2102 2121 2140 2152 2161 2159 2155 2150 2141 2128 2116 2106 2094 2081 2075 2067 2060 2056 2052 2047 2039 2033 2027 2022 2018 2015 2010 2011
1930 1941 1950 1957 1965 1968 1964 1957 1948 1940 1932 1925 1918 1912 1908 1904 1899 1895 1887 1878 1869 1863 1856 1849 1843 1834 1827 1819 1809 1800 1795 1789 1783 1775 1768 1778 1788 1798 1807 1814 1821 1831 1842 1855 1871 1887 1899 1917 1934 1950 1968 1984 2004 2025 2046 2070 2093 2115 2139 2158 2163 2158 2150 2147 2137 2121 2113 2105 2094 2081 2074 2066 2059 2053 2046 2042 2036 2032 2029 2026 2020 2016 2013 2013
1941 1954 1962 1971 1979 1983 1979 1973 1966 1958 1948 1939 1932 1928 1925 1921 1916 1910 1904 1899 1888 1879 1863 1854 1849 1843 1837 1826 1817 1807 1801 1796 1790 1782 1772 1775 1786 1797 1805 1812 1819 1829 1841 1853 1867 1883 1897 1912 1930 1949 1963 1980 2005 2038 2050 2072 2097 2118 2144 2161 2168 2153 2141 2136 2129 2118 2112 2105 2096 2087 2078 2071 2063 2056 2049 2043 2041 2039 2036 2028 2018 2012 2009 2009
1953 1968 1980 1990 1995 1995 1994 1989 1984 1977 1967 1956 1947 1941 1936 1934 1928 1921 1914 1906 1898 1889 1872 1861 1855 1849 1842 1832 1824 1814 1808 1802 1797 1787 1779 1774 1780 1790 1803 1811 1818 1829 1841 1854 1868 1882 1897 1912 1929 1947 1961 1979 2005 2041 2061 2073 2095 2120 2141 2157 2178 2156 2139 2124 2118 2114 2106 2100 2096 2088 2083 2078 2066 2058 2052 2047 2045 2044 2042 2035 2019 2011 2009 2007
1967 1984 2000 2006 2008 2008 2006 2004 2000 1997 1985 1973 1964 1960 1952 1945 1939 1932 1921 1914 1906 1897 1880 1869 1859 1852 1845 1837 1830 1822 1815 1809 1802 1794 1787 1781 1778 1780 1801 1808 1818 1829 1841 1855 1869 1882 1897 1912 1929 1947 1962 1982 2000 2025 2045 2069 2094 2110 2127 2159 2179 2166 2142 2123 2112 2107 2102 2098 2093 2088 2084 2079 2068 2059 2054 2052 2051 2050 2047 2042 2027 2016 2009 2007
1983 2001 2010 2016 2020 2019 2017 2018 2017 2011 2002 1992 1979 1971 1964 1956 1949 1943 1933 1921 1914 1903 1884 1871 1860 1856 1849 1842 1835 1828 1822 1815 1809 1802 1794 1787 1783 1780 1798 1809 1819 1829 1841 1855 1869 1884 1897 1914 1930 1946 1962 1981 1999 2019 2042 2061 2081 2100 2126 2164 2180 2166 2144 2123 2111 2102 2097 2095 2093 2091 2086 2081 2076 2065 2058 2057 2056 2055 2051 2043 2036 2021 2010 2008
1999 2010 2020 2027 2030 2031 2029 2031 2027 2020 2011 2005 1992 1981 1973 1965 1958 1951 1943 1933 1921 1909 1890 1875 1864 1858 1854 1846 1841 1835 1829 1823 1817 1809 1802 1794 1788 1781 1798 1809 1818 1830 1841 1855 1870 1884 1897 1913 1930 1946 1962 1980 1999 2018 2041 2060 2080 2101 2129 2164 2180 2166 2144 2123 2109 2099 2095 2091 2089 2088 2086 2084 2080 2068 2062 2062 2061 2060 2054 2046 2040 2025 2010 2008
2012 2026 2035 2040 2041 2041 2042 2040 2033 2025 2017 2008 2001 1990 1982 1973 1965 1959 1951 1942 1931 1917 1901 1881 1870 1862 1858 1851 1848 1841 1835 1829 1823 1815 1808 1801 1793 1787 1800 1808 1818 1830 1842 1855 1870 1883 1897 1912 1929 1945 1962 1979 1998 2018 2045 2065 2087 2109 2135 2164 2178 2164 2147 2124 2110 2103 2097 2094 2091 2088 2083 2081 2077 2070 2070 2069 2066 2061 2054 2047 2040 2023 2010 2008
2021 2036 2046 2050 2049 2049 2049 2045 2037 2027 2019 2013 2005 1995 1985 1975 1970 1963 1956 1948 1938 1925 1911 1893 1877 1870 1862 1857 1854 1849 1842 1835 1828 1820 1813 1806 1799 1790 1801 1809 1817 1829 1840 1854 1868 1883 1897 1912 1928 1944 1960 1978 1998 2023 2044 2064 2083 2104 2135 2159 2178 2163 2147 2124 2115 2108 2102 2098 2094 2089 2085 2081 2078 2078 2075 2071 2066 2061 2054 2047 2040 2019 2009 2007
2022 2039 2053 2058 2060 2058 2055 2049 2041 2034 2026 2016 2014 2000 1989 1979 1973 1968 1961 1953 1943 1932 1921 1903 1882 1874 1868 1864 1860 1857 1849 1842 1834 1826 1818 1811 1804 1796 1799 1808 1816 1826 1838 1852 1867 1883 1897 1912 1928 1944 1960 1977 1998 2024 2045 2068 2090 2107 2130 2163 2177 2165 2149 2132 2121 2113 2108 2100 2095 2090 2087 2085 2084 2081 2076 2070 2065 2060 2053 2046 2037 2020 2009 2008
